0 1 36
0 1 37
0 2 36
0 2 36
0 2 37
0 18 14
0 18 14
0 18 14
0 1 36
1 0 17
1 0 25
1 0 26
1 0 17
1 1 17
1 1 36
1 2 17
1 2 36
1 2 38
1 3 17
1 4 17
1 5 17
1 6 16
1 6 17
1 6 16
1 7 16
1 7 17
1 8 16
1 8 17
1 9 16
1 9 17
1 10 16
1 10 17
1 11 16
1 11 17
1 12 15
1 12 17
1 12 15
1 12 15
1 12 16
1 13 15
1 13 17
1 14 15
1 14 17
1 15 15
1 15 16
1 16 15
1 17 15
1 18 15
1 18 14
1 19 13
1 19 14
2 0 17
2 0 25
2 0 26
2 0 27
2 0 28
2 0 29
2 0 30
2 0 31
2 0 17
2 0 27
2 0 27
2 0 28
2 0 29
2 0 30
2 0 31
2 1 17
2 1 36
2 1 37
2 2 17
2 2 33
2 2 33
2 2 34
2 2 35
2 2 36
2 2 36
2 2 37
2 2 38
2 3 17
2 4 17
2 5 14
2 5 17
2 5 14
2 6 17
2 7 17
2 8 17
2 9 14
2 9 17
2 10 17
2 11 14
2 12 15
2 14 14
2 14 14
2 15 14
2 15 15
2 16 14
2 16 15
2 17 14
2 17 14
2 17 15
2 17 14
2 18 14
2 19 13
2 11 14
2 11 14
2 11 14
2 11 15
2 11 16
2 12 14
2 13 14
2 14 14
2 14 14
2 14 14
2 14 14
2 14 14
2 15 14
2 16 14
2 17 14
2 9 14
2 9 14
2 9 15
2 9 16
2 10 14
2 10 14
2 10 15
2 10 16
2 11 14
2 11 14
2 17 14
2 17 14
2 18 14
2 0 27
2 1 27
2 1 27
2 1 28
2 1 29
2 1 30
2 1 31
2 1 32
2 5 14
2 5 14
2 5 15
2 5 16
2 5 14
2 5 15
2 5 16
2 6 14
2 7 14
2 8 14
2 8 14
2 8 15
2 2 33
2 2 34
2 2 35
3 0 15
3 0 25
3 0 30
3 0 31
3 0 32
3 0 33
3 0 34
3 0 15
3 0 15
3 0 16
3 0 17
3 0 30
3 0 31
3 0 32
3 0 27
3 1 15
3 1 30
3 1 31
3 1 32
3 1 35
3 1 36
3 2 14
3 2 14
3 2 15
3 2 15
3 2 16
3 2 33
3 2 36
3 2 36
3 2 37
3 2 38
3 2 38
3 2 39
3 2 40
3 2 38
3 2 14
3 2 14
3 2 15
3 2 16
3 3 14
3 3 12
3 3 12
3 4 14
3 5 14
3 5 14
3 5 15
3 5 16
3 6 12
3 9 12
3 11 12
3 11 12
3 12 12
3 13 12
3 14 12
3 14 14
3 15 12
3 16 12
3 17 12
3 17 14
3 17 14
3 18 12
3 18 14
3 19 13
3 0 32
3 0 32
3 0 33
3 0 34
3 0 35
3 1 32
3 1 32
3 1 33
3 1 34
3 1 35
3 18 12
3 18 12
3 18 12
3 18 13
3 1 35
3 1 35
3 1 36
3 1 37
3 9 12
3 9 12
3 9 13
3 9 14
3 9 15
3 10 12
3 10 12
3 10 13
3 15 12
3 15 13
3 16 12
3 16 13
3 17 12
3 11 12
3 11 12
3 11 13
3 12 12
3 13 12
3 13 12
3 13 13
3 14 12
3 6 12
3 6 12
3 6 13
3 6 14
3 6 15
3 7 12
3 8 12
3 8 12
3 8 13
3 3 12
3 3 12
3 3 13
3 3 14
3 4 12
3 4 12
3 4 13
3 5 12
4 0 13
4 0 15
4 0 25
4 0 26
4 0 27
4 0 28
4 0 29
4 0 15
4 0 13
4 0 14
4 0 15
4 0 16
4 0 30
4 0 32
4 0 27
4 0 27
4 0 28
4 0 29
4 1 13
4 1 15
4 1 35
4 1 36
4 2 13
4 2 14
4 2 15
4 2 16
4 2 33
4 2 36
4 2 36
4 2 38
4 2 38
4 2 39
4 2 40
4 2 38
4 3 12
4 3 41
4 3 12
4 4 12
4 5 12
4 6 12
4 6 12
4 7 12
4 8 12
4 9 12
4 10 12
4 11 12
4 11 12
4 12 10
4 12 12
4 12 10
4 12 11
4 13 10
4 13 12
4 14 10
4 14 11
4 14 14
4 15 10
4 15 11
4 15 12
4 16 10
4 17 10
4 17 11
4 17 14
4 17 14
4 18 10
4 18 11
4 18 12
4 18 12
4 18 13
4 18 14
4 18 14
4 18 12
4 18 14
4 19 13
5 0 11
5 0 25
5 0 32
5 0 32
5 0 33
5 0 34
5 0 35
5 0 27
5 0 30
5 0 31
5 0 32
5 0 11
5 0 13
5 0 30
5 0 31
5 0 32
5 0 32
5 0 32
5 0 27
5 1 11
5 1 35
5 1 35
5 1 36
5 2 11
5 2 11
5 2 33
5 2 33
5 2 34
5 2 35
5 2 36
5 2 36
5 2 38
5 2 38
5 2 38
5 2 11
5 3 11
5 3 41
5 3 12
5 4 11
5 5 11
5 6 11
5 7 11
5 8 11
5 9 11
5 9 11
5 9 12
5 9 13
5 10 11
5 10 11
5 11 11
5 11 11
5 11 11
5 12 10
5 14 11
5 14 11
5 15 9
5 15 11
5 16 11
5 17 9
5 17 11
5 17 9
5 18 10
5 19 11
5 19 12
5 19 13
5 11 11
5 11 11
5 12 11
5 13 11
5 14 11
5 14 11
5 6 11
5 6 11
5 6 12
5 6 13
5 7 11
5 8 11
5 8 11
5 2 11
5 2 11
5 2 11
5 2 12
5 2 13
5 3 11
5 4 11
5 5 11
5 5 11
5 0 11
5 0 11
5 0 12
5 0 13
5 0 14
5 1 11
5 1 11
5 1 12
5 1 13
5 2 11
5 2 11
5 17 9
5 17 9
5 17 10
5 17 11
5 17 9
5 17 10
5 18 9
5 18 9
5 18 10
5 0 27
5 0 28
5 0 29
5 0 30
5 0 31
5 15 9
5 15 10
5 16 9
5 17 9
6 0 25
6 0 26
6 0 27
6 0 28
6 0 29
6 0 27
6 0 30
6 0 11
6 0 9
6 0 30
6 0 27
6 0 33
6 1 36
6 2 39
6 2 40
6 2 36
6 2 39
6 3 9
6 3 41
6 6 9
6 9 9
6 10 9
6 11 9
6 12 9
6 15 6
6 15 9
6 17 9
6 18 6
6 9 9
6 9 10
6 10 9
6 10 10
6 11 9
6 2 36
6 2 37
6 2 38
6 12 9
6 12 9
6 12 10
6 13 9
6 13 9
6 13 10
6 14 9
6 6 9
6 6 9
6 6 10
6 7 9
6 8 9
6 8 9
6 8 10
6 1 36
6 1 37
6 1 38
6 0 33
6 0 33
6 0 34
6 0 35
6 1 33
6 1 33
6 1 34
6 1 35
6 15 6
6 15 6
6 15 7
6 15 8
6 16 6
6 16 6
6 16 7
6 16 8
6 17 6
6 18 6
6 18 6
6 18 7
6 18 8
6 18 9
6 18 10
6 3 9
6 3 9
6 3 10
6 4 9
6 5 9
6 5 9
6 5 10
6 0 9
6 0 9
6 0 10
6 0 11
6 0 12
6 1 9
6 1 9
6 1 10
6 2 9
6 2 9
6 2 10
6 2 11
7 0 9
7 0 11
7 0 25
7 0 33
7 0 33
7 0 34
7 0 35
7 0 27
7 0 27
7 0 28
7 0 29
7 0 30
7 0 31
7 0 32
7 0 11
7 0 9
7 0 30
7 0 27
7 0 27
7 0 28
7 0 29
7 0 33
7 1 9
7 1 11
7 1 36
7 1 37
7 2 9
7 2 11
7 2 36
7 2 36
7 2 37
7 2 38
7 2 39
7 3 9
7 3 41
7 4 9
7 5 9
7 6 9
7 7 9
7 8 9
7 9 9
7 10 9
7 11 9
7 12 6
7 12 9
7 12 6
7 12 6
7 12 7
7 12 8
7 13 6
7 14 6
7 14 6
7 14 7
7 14 8
7 15 6
7 15 6
7 15 7
7 15 9
7 16 6
7 17 9
7 18 6
8 0 8
8 0 9
8 0 25
8 0 26
8 0 27
8 0 30
8 0 8
8 0 30
8 0 9
8 0 27
8 0 33
8 1 8
8 1 9
8 1 36
8 1 37
8 1 38
8 1 39
8 1 40
8 2 38
8 2 39
8 2 40
8 2 39
8 2 40
8 2 39
8 2 39
8 2 40
8 3 8
8 3 9
8 3 41
8 3 8
8 4 8
8 5 8
8 6 8
8 6 8
8 6 9
8 7 8
8 8 8
8 8 8
8 9 5
8 9 8
8 9 5
8 9 5
8 10 5
8 10 8
8 11 5
8 11 5
8 11 8
8 11 5
8 12 5
8 12 8
8 13 5
8 13 8
8 14 5
8 14 5
8 14 8
8 14 5
8 15 5
8 16 5
8 17 5
8 18 6
8 17 5
8 17 5
8 17 5
8 17 6
8 17 7
8 17 8
8 3 8
8 3 8
8 3 9
8 3 10
8 4 8
8 5 8
8 5 8
8 14 5
8 14 5
8 14 5
8 14 6
8 14 7
8 15 5
8 16 5
8 17 5
8 17 5
8 0 33
8 0 33
8 0 34
8 0 35
8 1 33
8 1 33
8 1 34
8 1 35
8 0 8
8 0 8
8 0 9
8 0 10
8 1 8
8 2 8
8 2 8
8 11 5
8 11 5
8 11 6
8 11 7
8 11 5
8 11 6
8 11 7
8 12 5
8 13 5
8 14 5
8 14 5
8 9 5
8 9 5
8 9 6
8 9 7
8 10 5
8 11 5
8 11 5
8 11 6
8 11 7
8 0 30
8 0 31
8 0 32
8 2 39
8 2 39
8 2 40
9 0 21
9 0 23
9 0 25
9 0 27
9 0 27
9 0 28
9 0 29
9 0 27
9 0 30
9 0 8
9 0 23
9 0 6
9 0 21
9 0 33
9 1 21
9 1 21
9 1 22
9 1 23
9 1 25
9 1 27
9 1 36
9 1 38
9 2 41
9 2 39
9 2 41
9 2 6
9 3 19
9 3 20
9 3 21
9 3 21
9 3 22
9 4 19
9 4 21
9 5 19
9 5 20
9 5 21
9 5 21
9 5 22
9 6 6
9 6 7
9 6 8
9 6 8
9 6 18
9 6 21
9 6 22
9 6 18
9 6 18
9 6 19
9 6 20
9 7 6
9 7 18
9 7 18
9 7 19
9 7 21
9 7 22
9 8 6
9 8 7
9 8 18
9 8 20
9 8 20
9 8 21
9 8 22
9 9 5
9 9 18
9 9 18
9 9 19
9 9 5
9 10 18
9 10 18
9 10 19
9 11 20
9 11 20
9 11 21
9 11 22
9 11 18
9 11 5
9 12 3
9 15 3
9 17 3
9 17 5
9 2 6
9 2 6
9 2 7
9 2 8
9 2 6
9 2 7
9 2 8
9 3 6
9 4 6
9 5 6
9 5 6
9 5 7
9 11 18
9 11 19
9 0 6
9 0 6
9 0 7
9 0 8
9 1 6
9 2 6
9 2 6
9 2 7
9 11 20
9 8 20
9 8 20
9 9 20
9 10 20
9 3 21
9 4 21
9 5 21
9 6 21
9 7 21
9 0 21
9 0 21
9 0 22
9 0 23
9 0 24
9 1 21
9 2 21
9 17 3
9 17 3
9 17 4
9 17 5
9 17 3
9 17 4
9 0 23
9 0 23
9 0 24
9 0 25
9 0 26
9 1 23
9 2 23
9 15 3
9 15 3
9 15 4
9 16 3
9 16 3
9 16 4
9 12 3
9 12 3
9 12 4
9 13 3
9 13 3
9 13 4
9 14 3
10 0 21
10 0 23
10 0 25
10 0 27
10 0 30
10 0 30
10 0 31
10 0 32
10 0 33
10 0 33
10 0 27
10 0 30
10 0 8
10 0 23
10 0 23
10 0 24
10 0 25
10 0 6
10 0 21
10 0 21
10 0 22
10 0 33
10 1 21
10 1 21
10 1 22
10 1 23
10 1 27
10 1 36
10 1 38
10 2 21
10 2 23
10 2 39
10 2 23
10 2 41
10 2 6
10 3 19
10 3 20
10 3 21
10 3 21
10 3 22
10 3 23
10 4 19
10 4 21
10 4 21
10 4 22
10 4 23
10 5 19
10 5 20
10 5 23
10 6 6
10 6 8
10 6 18
10 6 21
10 6 22
10 6 23
10 6 18
10 6 18
10 6 19
10 6 20
10 7 18
10 7 18
10 7 19
10 7 21
10 7 23
10 8 18
10 8 20
10 8 23
10 8 20
10 9 18
10 9 18
10 9 19
10 9 20
10 9 23
10 9 5
10 10 3
10 10 3
10 10 4
10 10 5
10 10 18
10 10 18
10 10 19
10 10 20
10 10 23
10 11 3
10 11 3
10 11 4
10 11 5
10 11 20
10 11 18
10 11 18
10 11 19
10 12 3
10 12 3
10 13 3
10 15 3
10 17 3
10 17 3
10 17 5
11 0 6
11 0 8
11 0 26
11 0 33
11 0 33
11 0 34
11 0 23
11 0 8
11 0 23
11 0 6
11 0 21
11 0 33
11 1 6
11 1 8
11 1 33
11 1 33
11 1 34
11 1 35
11 1 36
11 1 38
11 2 6
11 2 6
11 2 6
11 2 7
11 2 8
11 2 39
11 2 39
11 2 40
11 2 23
11 2 41
11 2 23
11 2 6
11 3 19
11 3 20
11 3 21
11 3 21
11 5 23
11 6 6
11 6 7
11 6 8
11 6 21
11 6 23
11 6 18
11 7 6
11 7 23
11 8 6
11 9 18
11 9 18
11 9 5
11 9 5
11 10 3
11 10 3
11 10 3
11 10 4
11 10 5
11 11 3
11 11 3
11 11 3
11 11 4
11 11 19
11 11 20
11 11 18
11 12 3
11 12 3
11 12 4
11 12 3
11 12 3
11 12 4
11 13 3
11 14 3
11 14 4
11 14 3
11 14 4
11 15 3
11 15 3
11 15 4
11 16 3
11 16 3
11 17 3
11 17 3
11 17 3
11 17 5
11 17 3
11 17 3
11 17 4
11 17 5
11 18 0
11 18 0
11 18 1
11 18 2
11 18 3
11 18 4
11 0 26
11 0 26
11 0 27
11 0 28
11 0 29
11 1 26
11 2 23
11 3 23
11 4 23
11 5 23
11 11 20
11 11 21
11 11 22
11 8 20
11 8 20
11 8 21
11 8 22
11 9 20
11 10 20
11 0 23
11 0 23
11 0 24
11 0 25
11 0 26
11 1 23
11 2 23
11 11 19
11 11 20
11 11 21
11 11 22
11 6 21
11 6 21
11 6 22
11 7 21
11 7 21
11 7 22
11 3 21
11 3 21
11 3 22
11 4 21
11 4 21
11 4 22
11 5 21
11 5 21
11 5 22
11 9 18
11 9 18
11 9 19
11 10 18
11 10 18
11 10 19
11 10 3
11 10 3
11 10 4
11 11 3
11 14 3
11 15 3
11 16 3
11 17 3
11 12 3
11 12 3
11 12 4
11 13 3
11 14 3
12 0 6
12 0 21
12 0 26
12 0 8
12 0 6
12 0 6
12 0 7
12 0 21
12 0 22
12 1 6
12 1 21
12 1 21
12 1 22
12 1 34
12 1 35
12 1 35
12 1 36
12 1 37
12 1 38
12 2 6
12 2 6
12 2 21
12 2 36
12 2 37
12 2 38
12 2 39
12 2 39
12 2 40
12 2 41
12 2 41
12 2 6
12 3 8
12 3 21
12 4 21
12 4 21
12 4 22
12 5 12
12 5 12
12 5 13
12 5 14
12 5 12
12 6 8
12 6 12
12 6 15
12 6 17
12 6 6
12 6 15
12 6 16
12 6 17
12 6 17
12 6 18
12 6 19
12 6 20
12 7 12
12 7 15
12 7 17
12 7 17
12 7 18
12 7 19
12 8 9
12 8 12
12 8 12
12 8 12
12 8 13
12 8 15
12 8 16
12 8 17
12 8 17
12 8 9
12 8 10
12 8 11
12 8 12
12 8 12
12 8 13
12 8 14
12 9 14
12 9 15
12 9 16
12 9 17
12 9 6
12 10 3
12 12 5
12 12 3
12 14 3
12 15 5
12 15 5
12 16 5
12 17 5
12 17 5
12 17 5
12 17 6
12 17 7
12 17 5
12 18 3
12 18 3
12 18 4
12 6 8
12 6 8
12 6 9
12 6 10
12 6 11
12 7 8
12 7 8
12 9 6
12 9 6
12 9 7
12 9 8
12 10 6
12 11 6
12 17 5
12 6 6
12 6 6
12 6 7
12 7 6
12 8 6
12 12 5
12 12 5
12 13 5
12 14 5
12 3 8
12 4 8
12 5 8
12 15 5
12 16 5
13 0 7
13 0 8
13 0 26
13 0 6
13 0 6
13 0 7
13 0 8
13 0 8
13 1 7
13 1 8
13 1 8
13 1 34
13 1 35
13 2 7
13 2 8
13 2 36
13 2 39
13 2 39
13 2 40
13 2 41
13 2 41
13 3 6
13 3 6
13 3 7
13 3 8
13 3 8
13 4 6
13 5 3
13 5 3
13 5 4
13 5 5
13 5 6
13 5 6
13 5 7
13 5 12
13 5 12
13 6 3
13 6 6
13 6 8
13 6 8
13 6 6
13 6 6
13 6 7
13 6 8
13 6 15
13 7 3
13 7 6
13 7 8
13 8 3
13 8 3
13 8 4
13 8 5
13 8 6
13 8 8
13 8 8
13 8 9
13 8 12
13 8 9
13 8 12
13 9 3
13 9 6
13 9 14
13 9 6
13 9 6
13 9 7
13 9 8
13 10 3
13 10 3
13 10 4
13 10 5
13 10 6
13 11 3
13 11 3
13 11 4
13 11 5
13 11 6
13 12 5
13 12 5
13 12 6
13 12 7
13 12 8
13 12 3
13 12 4
13 12 5
13 13 5
13 14 3
13 14 4
13 14 5
13 14 5
13 14 3
13 15 5
13 15 5
13 15 5
13 15 6
13 15 7
13 15 8
13 16 5
13 17 5
13 17 5
13 17 5
13 17 6
13 17 7
13 17 8
13 17 5
13 17 5
13 18 3
13 18 3
13 18 4
13 18 5
13 18 8
14 0 7
14 0 9
14 0 26
14 0 26
14 0 27
14 0 28
14 0 29
14 0 7
14 0 8
14 0 9
14 0 10
14 0 11
14 0 9
14 0 9
14 0 10
14 0 11
14 1 7
14 1 8
14 1 9
14 1 34
14 1 35
14 2 7
14 2 9
14 2 9
14 2 9
14 2 10
14 2 11
14 2 36
14 2 39
14 2 41
14 2 9
14 2 41
14 3 6
14 3 6
14 3 7
14 3 8
14 4 6
14 5 6
14 5 12
14 5 12
14 6 6
14 6 6
14 6 7
14 6 8
14 6 12
14 6 9
14 6 9
14 6 10
14 6 11
14 6 15
14 7 6
14 7 12
14 8 6
14 8 12
14 8 12
14 8 12
14 9 6
14 9 6
14 9 7
14 9 8
14 9 9
14 9 9
14 9 10
14 9 11
14 9 14
14 10 6
14 10 14
14 11 6
14 11 6
14 11 7
14 11 8
14 11 14
14 12 6
14 12 6
14 12 7
14 12 8
14 12 9
14 12 9
14 12 9
14 12 10
14 12 11
14 13 6
14 13 9
14 13 9
14 13 10
14 13 11
14 14 6
14 14 6
14 14 7
14 14 8
14 15 6
14 15 6
14 15 7
14 15 8
14 15 9
14 15 9
14 15 10
14 15 11
14 16 6
14 17 6
14 17 6
14 17 7
14 17 8
14 18 8
14 18 9
14 18 10
14 18 11
14 18 9
14 18 9
14 18 10
14 18 11
14 18 6
14 18 6
14 18 7
14 18 8
14 18 9
14 18 10
14 18 11
14 18 6
14 18 7
14 18 8
14 2 9
14 3 9
14 4 9
14 5 9
14 0 9
14 1 9
14 2 9
14 6 9
14 6 9
14 6 10
14 6 11
14 7 9
14 8 9
14 9 9
14 9 9
14 9 10
14 9 11
14 10 9
14 11 9
14 15 9
14 16 9
14 17 9
14 12 9
14 13 9
14 14 9
15 0 12
15 0 27
15 0 30
15 0 12
15 0 12
15 0 13
15 0 14
15 0 32
15 1 12
15 1 35
15 1 35
15 1 35
15 1 36
15 1 37
15 2 12
15 2 12
15 2 13
15 2 35
15 2 35
15 2 36
15 2 37
15 2 39
15 2 39
15 2 41
15 2 41
15 3 12
15 3 12
15 3 13
15 3 14
15 4 12
15 5 12
15 5 12
15 5 13
15 5 14
15 6 12
15 6 15
15 6 12
15 6 12
15 6 13
15 6 14
15 6 15
15 7 12
15 7 15
15 8 12
15 8 12
15 8 13
15 8 15
15 9 12
15 9 12
15 9 13
15 9 14
15 10 12
15 11 12
15 11 12
15 11 13
15 12 12
15 12 12
15 12 13
15 13 12
15 14 12
15 14 12
15 14 13
15 14 12
15 14 12
15 14 13
15 15 12
15 16 12
15 17 12
15 17 12
15 17 13
15 18 12
15 18 13
15 18 9
15 18 9
15 18 10
15 18 11
15 18 12
15 18 13
15 2 39
15 2 40
15 12 12
15 13 12
15 14 12
15 0 27
15 0 28
15 0 29
15 6 12
15 7 12
15 8 12
15 0 12
15 1 12
15 2 12
15 3 12
15 4 12
15 5 12
15 9 12
15 9 12
15 9 13
15 10 12
15 11 12
15 0 32
15 0 32
15 0 33
15 0 34
15 1 32
15 1 32
15 1 33
15 1 34
15 1 35
15 14 12
15 15 12
15 16 12
15 17 12
15 0 30
15 0 31
15 1 35
15 1 35
15 2 35
15 2 36
15 2 37
15 2 38
16 0 12
16 0 15
16 0 27
16 0 30
16 0 12
16 0 12
16 0 13
16 0 14
16 0 15
16 0 16
16 0 17
16 0 32
16 0 32
16 0 33
16 0 34
16 1 12
16 1 12
16 1 13
16 1 14
16 1 15
16 1 35
16 1 35
16 1 36
16 1 37
16 1 38
16 1 39
16 1 40
16 2 15
16 2 16
16 2 17
16 2 35
16 2 35
16 2 36
16 2 37
16 2 38
16 2 39
16 2 41
16 2 41
16 3 12
16 3 12
16 3 13
16 3 14
16 3 14
16 3 15
16 3 14
16 3 14
16 3 15
16 3 16
16 3 17
16 4 14
16 4 15
16 5 14
16 5 14
16 5 15
16 6 15
16 6 16
16 6 17
16 6 12
16 6 12
16 6 13
16 6 14
16 7 15
16 8 15
16 9 12
16 9 12
16 9 13
16 9 14
16 9 14
16 9 15
16 9 16
16 9 17
16 10 14
16 10 14
16 11 14
16 12 14
16 12 14
16 12 15
16 12 16
16 12 12
16 12 13
16 12 14
16 13 14
16 14 12
16 14 12
16 14 13
16 14 14
16 14 14
16 14 12
16 15 14
16 15 14
16 15 15
16 15 16
16 16 14
16 16 14
16 17 14
16 18 12
16 18 13
16 18 14
16 18 14
16 18 15
16 18 16
16 18 17
16 19 14
16 19 14
16 19 15
16 19 16
16 19 17
17 0 15
17 0 18
17 0 27
17 0 27
17 0 28
17 0 29
17 0 30
17 0 31
17 0 32
17 0 18
17 0 18
17 0 19
17 0 15
17 0 16
17 0 17
17 0 35
17 0 32
17 0 32
17 1 15
17 1 18
17 1 35
17 1 38
17 1 39
17 1 40
17 2 15
17 2 15
17 2 15
17 2 16
17 2 17
17 2 18
17 2 18
17 2 19
17 2 39
17 2 40
17 2 15
17 2 16
17 2 17
17 3 15
17 3 15
17 3 18
17 3 18
17 3 19
17 4 15
17 4 15
17 5 15
17 5 15
17 5 15
17 5 16
17 5 17
17 6 15
17 6 15
17 6 16
17 6 17
17 6 18
17 6 19
17 7 15
17 8 15
17 8 15
17 8 16
17 8 17
17 9 15
17 9 18
17 9 19
17 9 15
17 9 16
17 9 17
17 10 15
17 10 15
17 10 16
17 11 15
17 11 17
17 11 17
17 11 18
17 11 19
17 11 15
17 11 15
17 11 16
17 11 17
17 11 17
17 12 15
17 13 15
17 14 15
17 15 15
17 15 17
17 15 17
17 15 18
17 15 19
17 17 15
17 18 14
17 18 18
17 18 18
17 18 19
17 19 18
17 19 18
17 19 19
17 20 18
17 20 19
17 17 15
17 17 15
17 17 16
17 17 17
17 17 15
17 17 16
17 18 15
17 19 15
17 19 15
17 19 16
17 19 17
17 15 15
17 15 15
17 15 16
17 16 15
17 17 15
17 6 18
17 7 18
17 8 18
17 9 18
17 10 18
17 11 17
17 11 17
17 12 17
17 13 17
17 14 17
17 15 17
17 16 17
17 17 17
17 17 17
17 0 35
17 0 35
17 0 36
17 0 37
17 1 35
17 1 35
17 1 36
17 1 37
17 1 38
17 3 18
17 4 18
17 5 18
17 18 18
17 19 18
17 0 18
17 1 18
17 2 18
18 0 20
18 0 27
18 0 27
18 0 30
18 0 30
18 0 33
18 0 34
18 0 30
18 0 33
18 0 34
18 0 18
18 0 20
18 0 20
18 0 21
18 0 22
18 0 35
18 1 20
18 1 27
18 1 27
18 1 30
18 1 33
18 1 34
18 1 38
18 2 20
18 2 20
18 2 21
18 2 22
18 2 27
18 2 27
18 2 30
18 2 39
18 3 18
18 3 20
18 3 20
18 3 21
18 3 22
18 6 18
18 6 20
18 6 20
18 6 21
18 6 22
18 7 20
18 7 20
18 7 21
18 7 22
18 9 18
18 9 20
18 9 20
18 9 21
18 9 22
18 11 15
18 11 17
18 12 20
18 12 20
18 12 21
18 12 22
18 15 15
18 15 17
18 15 20
18 15 20
18 15 21
18 15 22
18 17 20
18 17 15
18 17 20
18 17 20
18 17 21
18 17 22
18 18 14
18 18 18
18 18 20
18 19 20
18 19 20
18 19 21
18 19 22
18 20 18
18 20 19
18 20 20
18 20 20
18 20 21
18 20 22
18 0 27
18 0 28
18 0 29
18 0 30
18 0 31
18 0 32
18 9 20
18 10 20
18 11 20
18 0 20
18 1 20
18 2 20
18 6 20
18 7 20
18 8 20
18 12 20
18 13 20
18 14 20
18 3 20
18 4 20
18 5 20
18 17 20
18 18 20
18 19 20
18 15 20
18 16 20
19 0 18
19 0 20
19 0 23
19 0 27
19 0 27
19 0 27
19 0 28
19 0 29
19 0 30
19 0 31
19 0 32
19 0 30
19 0 30
19 0 31
19 0 32
19 0 33
19 0 34
19 0 18
19 0 18
19 0 19
19 0 20
19 0 20
19 0 21
19 0 22
19 0 23
19 0 23
19 0 24
19 0 25
19 0 26
19 0 35
19 1 18
19 1 18
19 1 19
19 1 20
19 1 20
19 1 23
19 1 38
19 2 20
19 2 20
19 2 21
19 2 22
19 2 23
19 2 39
19 3 18
19 3 18
19 3 19
19 3 20
19 3 20
19 3 23
19 3 26
19 3 20
19 3 20
19 3 21
19 3 22
19 3 23
19 3 23
19 3 24
19 3 25
19 3 26
19 3 26
19 3 27
19 3 28
19 3 29
19 4 20
19 4 23
19 4 26
19 5 20
19 5 20
19 5 23
19 5 26
19 6 18
19 6 19
19 6 20
19 6 20
19 6 21
19 6 22
19 6 23
19 7 20
19 7 23
19 8 20
19 8 20
19 8 23
19 8 23
19 8 23
19 9 18
19 9 19
19 9 20
19 9 20
19 9 21
19 9 22
19 9 23
19 10 20
19 10 23
19 11 15
19 11 17
19 11 20
19 11 20
19 11 23
19 11 15
19 11 17
19 11 17
19 12 15
19 12 17
19 12 17
19 12 18
19 12 20
19 12 20
19 12 21
19 12 22
19 12 23
19 13 15
19 13 15
19 13 17
19 13 17
19 13 20
19 13 23
19 14 20
19 14 23
19 15 15
19 15 15
19 15 16
19 15 17
19 15 17
19 15 18
19 15 19
19 15 20
19 15 20
19 15 23
19 16 20
19 16 23
19 17 15
19 17 15
19 17 16
19 17 17
19 17 20
19 17 20
19 17 23
19 17 23
19 17 23
19 17 15
19 17 20
19 18 14
19 18 14
19 18 15
19 18 16
19 18 17
19 18 18
19 18 18
19 18 19
19 18 23
19 19 23
19 20 18
19 20 19
19 20 20
19 20 23
20 0 23
20 0 30
20 0 35
20 0 36
20 0 37
20 0 30
20 0 31
20 0 32
20 0 33
20 0 34
20 0 23
20 0 24
20 0 25
20 0 26
20 1 23
20 1 30
20 1 35
20 2 23
20 2 30
20 3 23
20 3 23
20 3 24
20 3 25
20 4 23
20 5 23
20 5 23
20 6 21
20 6 23
20 6 21
20 6 22
20 7 21
20 7 21
20 7 22
20 7 23
20 8 21
20 8 23
20 8 23
20 9 18
20 9 21
20 9 22
20 9 23
20 9 18
20 9 19
20 9 20
20 10 18
20 10 21
20 10 23
20 11 18
20 11 18
20 11 19
20 11 20
20 11 21
20 11 22
20 11 23
20 12 18
20 12 18
20 12 21
20 12 22
20 12 23
20 13 19
20 13 20
20 13 21
20 13 23
20 14 16
20 14 17
20 14 18
20 14 19
20 14 21
20 14 23
20 14 18
20 14 19
20 14 20
20 15 16
20 15 18
20 15 20
20 15 20
20 15 21
20 15 22
20 16 16
20 16 18
20 16 20
20 17 18
20 17 20
20 18 18
20 18 20
20 18 20
20 18 21
20 18 22
20 18 18
20 18 19
20 19 18
20 19 18
20 19 19
20 19 20
20 19 20
20 19 21
20 19 22
20 2 21
20 2 21
20 2 22
20 2 21
20 2 22
20 3 21
20 4 21
20 5 21
20 0 26
20 0 26
20 0 27
20 0 28
20 0 29
20 1 26
20 2 26
20 0 33
20 0 34
20 0 33
20 0 34
20 1 33
20 1 34
20 0 20
20 0 20
20 0 21
20 0 22
20 1 20
20 1 20
20 2 20
20 2 20
20 2 21
20 2 22
