0 17 0
1 17 0
1 17 0
1 17 1
2 17 0
2 17 0
2 17 2
3 17 0
3 17 0
3 17 1
3 17 2
3 17 2
3 17 3
3 17 4
4 16 3
4 16 3
4 16 4
4 17 0
4 17 0
4 17 1
4 17 2
4 17 2
4 17 2
4 17 3
4 17 4
4 17 5
4 17 2
4 17 3
4 17 4
5 16 3
5 16 3
5 16 4
5 16 5
5 17 0
5 17 0
5 17 1
5 17 2
5 17 2
5 17 2
5 17 3
5 17 4
5 17 5
5 21 20
5 21 20
5 22 20
5 22 20
6 16 3
6 16 3
6 16 3
6 16 4
6 16 5
6 16 6
6 16 7
6 17 3
6 17 3
6 17 4
6 17 5
6 17 6
6 17 6
6 17 7
6 21 20
6 21 20
6 21 21
6 21 22
6 21 20
6 23 21
6 23 21
6 23 22
6 16 3
6 16 3
6 16 4
6 16 5
6 17 3
6 17 4
6 17 5
7 13 15
7 14 15
7 15 5
7 15 8
7 16 3
7 17 6
7 17 8
7 20 18
7 20 18
7 20 19
7 20 18
7 21 18
7 21 18
7 21 19
7 21 20
7 21 20
7 21 20
7 21 21
7 21 22
7 21 20
7 21 20
7 22 18
7 22 18
7 22 19
7 22 20
7 22 20
7 22 20
7 22 21
7 22 22
7 22 23
7 23 21
7 23 21
7 23 22
7 21 20
7 21 20
7 21 21
7 21 22
7 22 20
7 22 20
7 15 5
7 15 5
7 15 6
7 15 7
7 16 5
7 16 5
7 16 6
7 16 7
7 22 23
7 15 8
7 16 8
8 13 15
8 13 15
8 13 16
8 14 15
8 14 15
8 14 16
8 15 5
8 15 8
8 15 5
8 15 5
8 15 8
8 15 8
8 16 3
8 16 3
8 16 4
8 16 5
8 16 5
8 16 6
8 16 7
8 16 8
8 16 8
8 17 6
8 17 6
8 17 7
8 17 8
8 17 8
8 20 18
8 20 18
8 20 18
8 20 19
8 20 20
8 21 18
8 21 20
8 21 20
8 21 20
8 21 20
8 21 20
8 21 20
8 22 18
8 22 18
8 22 19
8 22 20
8 22 20
8 22 20
8 22 21
8 22 22
8 22 23
8 23 21
8 23 21
8 23 22
8 23 23
9 12 15
9 12 15
9 12 15
9 12 16
9 13 15
9 13 15
9 13 15
9 13 16
9 14 15
9 14 15
9 14 15
9 14 16
9 14 17
9 15 6
9 15 9
9 15 9
9 15 10
9 15 8
9 15 8
9 15 9
9 15 10
9 17 8
9 17 8
9 17 9
9 17 10
9 20 21
9 20 21
9 20 22
9 20 18
9 20 18
9 20 19
9 20 21
9 21 20
9 21 20
9 21 21
9 21 22
9 21 20
9 21 20
9 21 21
9 21 22
9 22 23
9 23 21
9 23 21
9 23 22
9 23 23
9 15 6
9 15 6
9 15 7
9 15 8
9 16 6
9 16 6
9 16 7
9 16 8
9 12 15
9 13 15
9 13 15
9 13 16
9 20 21
9 21 21
9 21 21
9 21 22
9 22 21
9 22 21
9 22 22
9 15 9
9 16 9
10 12 17
10 12 15
10 13 15
10 14 15
10 14 16
10 14 17
10 15 6
10 15 9
10 15 11
10 17 9
10 19 20
10 20 18
10 20 21
10 21 23
10 21 23
10 21 24
10 21 25
10 21 23
10 22 23
10 22 24
10 22 25
10 23 23
10 23 24
10 23 25
10 12 17
10 13 17
10 19 20
10 19 20
10 20 20
10 20 20
10 20 21
10 20 22
10 21 20
10 21 20
10 21 21
10 21 22
10 21 23
10 22 23
10 15 11
10 16 11
11 12 15
11 12 17
11 12 17
11 12 15
11 12 15
11 12 16
11 12 17
11 13 15
11 13 15
11 13 15
11 13 16
11 13 17
11 14 15
11 14 16
11 14 17
11 15 6
11 15 6
11 15 7
11 15 8
11 15 9
11 15 9
11 15 10
11 15 11
11 15 11
11 15 11
11 17 9
11 17 10
11 17 11
11 19 20
11 19 20
11 20 18
11 20 18
11 20 19
11 20 20
11 20 21
11 21 23
11 22 26
11 23 23
12 11 18
12 11 18
12 11 19
12 11 18
12 12 15
12 12 17
12 12 17
12 12 17
12 12 18
12 12 19
12 12 15
12 13 15
12 13 15
12 13 17
12 14 15
12 14 16
12 14 17
12 14 18
12 14 19
12 14 9
12 14 9
12 14 10
12 14 11
12 14 12
12 14 13
12 14 12
12 14 12
12 14 13
12 15 11
12 15 11
12 15 12
12 15 13
12 19 20
12 19 20
12 19 21
12 19 22
12 20 21
12 20 21
12 20 22
12 20 21
12 21 23
12 21 23
12 21 24
12 21 25
12 22 26
12 23 23
12 20 21
12 20 21
12 20 22
12 21 21
12 22 21
12 22 21
12 22 22
12 14 9
12 14 9
12 14 10
12 14 9
12 14 10
12 14 11
12 15 9
12 16 9
12 11 18
12 12 18
12 13 18
12 14 12
13 11 18
13 12 20
13 12 17
13 14 14
13 14 9
13 14 9
13 14 10
13 14 11
13 14 12
13 15 11
13 15 11
13 18 21
13 19 23
13 20 23
13 20 23
13 20 24
13 20 25
13 20 21
13 20 23
13 21 23
13 21 23
13 21 24
13 21 25
13 21 26
13 22 26
13 18 21
13 18 21
13 18 22
13 19 21
13 19 21
13 19 22
13 21 26
13 14 14
14 11 18
14 11 18
14 11 18
14 11 19
14 11 20
14 12 18
14 12 20
14 12 20
14 12 17
14 13 12
14 13 13
14 13 14
14 13 18
14 13 20
14 14 12
14 14 14
14 14 14
14 14 9
14 14 9
14 14 10
14 14 11
14 14 12
14 14 12
14 14 13
14 14 14
14 18 21
14 18 21
14 19 21
14 19 21
14 19 22
14 19 23
14 20 21
14 20 21
14 20 22
14 20 23
14 20 23
14 20 23
14 21 26
14 22 26
15 11 18
15 11 21
15 11 21
15 11 18
15 11 18
15 11 19
15 11 20
15 12 18
15 12 20
15 12 20
15 12 21
15 12 17
15 12 17
15 13 12
15 13 12
15 13 13
15 13 18
15 13 20
15 13 21
15 14 12
15 14 12
15 14 13
15 14 15
15 14 15
15 14 16
15 14 14
15 14 14
15 14 15
15 14 16
15 14 12
15 14 12
15 14 13
15 17 21
15 17 21
15 17 22
15 17 21
15 18 21
15 18 21
15 18 22
15 19 23
15 20 24
15 20 24
15 20 25
15 20 23
15 21 26
15 20 24
15 20 24
15 20 25
15 13 12
15 13 12
15 13 13
15 13 14
15 14 12
15 14 13
15 14 14
15 17 21
15 18 21
15 18 21
15 18 22
15 19 21
15 19 21
15 19 22
15 19 23
15 11 21
16 10 21
16 11 18
16 11 18
16 11 19
16 11 21
16 11 18
16 11 18
16 11 19
16 11 20
16 12 18
16 12 20
16 13 12
16 13 12
16 13 14
16 13 18
16 13 20
16 14 17
16 14 20
16 14 12
16 14 15
16 14 14
16 15 20
16 15 20
16 15 21
16 17 21
16 17 21
16 18 23
16 18 21
16 18 21
16 20 26
16 20 26
16 20 27
16 20 28
16 20 24
16 20 26
16 21 26
16 21 27
16 21 28
16 30 9
16 30 10
16 20 26
16 18 23
16 19 23
16 19 23
16 19 24
16 19 25
16 10 21
16 11 21
16 13 14
16 13 14
16 13 15
16 13 16
16 14 17
17 10 21
17 11 18
17 11 21
17 11 21
17 11 21
17 11 18
17 12 18
17 12 20
17 12 21
17 12 21
17 13 12
17 13 12
17 13 13
17 13 14
17 13 14
17 13 18
17 13 20
17 13 21
17 13 21
17 14 17
17 14 17
17 14 12
17 14 12
17 14 13
17 14 15
17 14 14
17 16 22
17 16 23
17 17 22
17 17 21
17 17 21
17 17 22
17 17 23
17 18 23
17 18 23
17 18 23
17 19 23
17 19 23
17 19 24
17 20 24
17 20 24
17 20 25
17 20 26
17 20 26
17 20 26
17 21 29
17 29 11
17 29 11
17 30 9
17 30 11
17 30 9
17 30 10
17 31 9
17 31 11
18 3 0
18 9 21
18 9 21
18 9 21
18 9 22
18 10 21
18 10 21
18 10 22
18 11 18
18 11 21
18 11 21
18 11 21
18 11 21
18 11 21
18 11 22
18 11 18
18 13 13
18 13 14
18 13 15
18 13 15
18 13 16
18 14 13
18 14 14
18 14 15
18 14 16
18 14 17
18 14 17
18 14 18
18 14 18
18 14 19
18 15 21
18 15 21
18 15 22
18 16 22
18 17 22
18 17 23
18 17 24
18 17 24
18 17 25
18 17 24
18 18 22
18 19 22
18 19 23
18 19 24
18 20 25
18 20 26
18 20 27
18 20 28
18 20 26
18 21 29
18 29 11
18 29 11
18 29 12
18 29 13
18 29 11
18 29 11
18 30 9
18 30 9
18 30 10
18 30 11
18 30 9
18 30 10
18 30 11
18 32 9
18 32 9
18 32 10
18 32 11
18 20 27
18 20 28
18 14 18
18 14 18
18 14 19
18 14 20
18 15 18
18 15 18
18 15 19
18 15 20
18 15 21
18 30 9
18 30 9
18 30 10
18 31 9
18 15 21
18 15 21
18 16 21
18 16 21
18 16 22
18 16 23
18 32 9
18 32 10
18 29 11
18 30 11
18 31 11
18 13 15
18 13 15
18 13 16
18 13 17
18 17 24
18 18 24
18 19 24
18 19 24
18 19 25
18 19 26
18 9 21
18 10 21
19 0 27
19 0 30
19 0 31
19 0 32
19 0 23
19 0 21
19 3 0
19 3 0
19 3 1
19 9 21
19 9 23
19 12 17
19 12 20
19 13 13
19 13 15
19 14 13
19 14 14
19 14 18
19 15 21
19 15 23
19 17 22
19 17 24
19 18 26
19 20 25
19 20 27
19 21 29
19 26 14
19 26 14
19 27 12
19 27 12
19 27 12
19 27 13
19 27 14
19 28 12
19 29 11
19 29 11
19 29 12
19 29 11
19 29 11
19 30 9
19 30 9
19 30 11
19 30 11
19 30 12
19 30 9
19 30 9
19 31 9
19 31 9
19 31 10
19 31 11
19 31 11
19 31 12
19 32 9
19 32 9
19 32 10
19 12 17
19 12 17
19 12 18
19 12 19
19 13 17
19 13 17
19 9 23
19 10 23
19 11 23
19 0 27
19 0 28
19 0 29
19 0 30
19 0 31
19 15 23
19 16 23
19 16 23
19 17 23
19 27 12
19 27 12
19 27 13
19 28 12
19 29 12
19 18 26
19 19 26
19 19 26
19 20 26
19 20 26
19 20 27
19 20 28
19 26 14
19 27 14
19 28 14
19 0 23
19 0 24
19 0 25
19 0 26
19 0 21
19 0 22
19 0 23
19 0 24
19 0 25
19 0 26
19 12 20
19 12 20
19 13 20
19 14 20
19 14 20
20 0 27
20 0 27
20 0 28
20 0 29
20 0 30
20 0 31
20 0 32
20 0 23
20 0 23
20 0 19
20 0 20
20 0 21
20 0 22
20 0 23
20 0 21
20 0 21
20 0 22
20 0 23
20 2 2
20 2 2
20 3 0
20 3 0
20 3 1
20 3 2
20 9 21
20 9 21
20 9 23
20 12 17
20 12 17
20 12 17
20 12 20
20 13 13
20 13 14
20 13 15
20 13 15
20 14 13
20 14 14
20 14 15
20 14 18
20 15 23
20 15 21
20 15 23
20 16 23
20 16 23
20 17 22
20 17 23
20 17 24
20 18 26
20 20 25
20 20 27
20 21 29
20 24 15
20 24 15
20 25 15
20 26 14
20 26 15
20 26 14
20 26 14
20 27 12
20 27 14
20 27 12
20 27 12
20 27 13
20 27 14
20 28 12
20 28 14
20 29 11
20 29 11
20 29 11
20 29 12
20 29 11
20 29 11
20 29 12
20 30 9
20 30 9
20 30 11
20 30 9
20 30 9
20 30 10
20 30 11
20 30 9
20 30 10
20 30 11
20 31 9
20 31 9
20 31 11
20 32 9
20 32 9
20 32 9
20 32 11
20 32 11
20 32 9
20 32 9
20 32 10
20 32 11
21 0 27
21 0 29
21 0 30
21 0 32
21 0 24
21 0 25
21 0 26
21 0 23
21 0 23
21 0 24
21 0 25
21 0 26
21 0 21
21 0 18
21 0 19
21 0 21
21 2 2
21 2 3
21 2 3
21 2 4
21 2 5
21 2 6
21 2 7
21 2 2
21 2 3
21 3 0
21 3 0
21 3 0
21 3 1
21 3 2
21 3 3
21 3 4
21 3 5
21 3 6
21 3 7
21 4 0
21 4 0
21 4 1
21 4 2
21 4 3
21 4 4
21 4 5
21 4 6
21 4 7
21 4 8
21 9 21
21 9 22
21 9 23
21 9 21
21 9 21
21 9 22
21 9 23
21 10 21
21 10 22
21 10 23
21 11 21
21 11 22
21 11 23
21 12 18
21 12 20
21 12 18
21 12 19
21 12 17
21 12 17
21 12 18
21 12 19
21 12 20
21 13 16
21 13 17
21 13 18
21 13 20
21 14 16
21 14 17
21 14 18
21 14 20
21 15 23
21 15 21
21 15 21
21 15 22
21 15 23
21 15 23
21 15 23
21 16 23
21 17 22
21 17 23
21 17 24
21 17 24
21 17 24
21 17 25
21 18 26
21 18 26
21 18 27
21 18 28
21 20 27
21 21 29
21 24 15
21 24 15
21 24 15
21 24 15
21 24 16
21 24 17
21 24 15
21 24 15
21 24 16
21 25 15
21 25 15
21 25 15
21 25 16
21 26 15
21 26 15
21 26 16
21 26 14
21 26 14
21 26 15
21 26 16
21 27 13
21 27 13
21 27 14
21 27 15
21 27 16
21 28 13
21 29 12
21 29 12
21 30 9
21 30 9
21 30 12
21 30 9
21 30 9
21 31 9
21 31 9
21 31 10
21 31 12
21 32 11
21 32 9
21 32 9
21 32 10
21 33 10
21 33 11
21 17 24
21 17 24
21 17 25
21 18 24
21 19 24
21 19 24
21 29 12
21 29 12
21 29 13
21 29 14
21 30 12
21 31 12
21 32 12
21 9 22
21 10 22
21 11 22
21 0 29
21 0 30
21 0 31
21 0 21
21 0 22
21 0 23
21 12 18
21 12 18
21 12 19
21 13 18
21 26 15
21 2 3
21 0 24
21 0 25
21 0 26
21 0 18
21 0 19
21 0 20
21 24 15
21 25 15
22 0 27
22 0 27
22 0 28
22 0 29
22 0 29
22 0 30
22 0 31
22 0 32
22 0 24
22 0 23
22 0 21
22 0 18
22 0 16
22 0 17
22 0 18
22 0 19
22 0 20
22 0 21
22 2 2
22 2 3
22 3 0
22 3 0
22 3 8
22 3 6
22 3 8
22 4 8
22 4 8
22 4 9
22 4 10
22 4 11
22 4 11
22 5 9
22 5 9
22 5 10
22 5 11
22 8 31
22 8 32
22 8 23
22 9 22
22 9 23
22 9 23
22 10 23
22 11 23
22 12 18
22 12 20
22 12 20
22 12 23
22 12 23
22 12 23
22 12 24
22 12 25
22 12 18
22 12 20
22 12 20
22 12 21
22 12 22
22 12 20
22 12 23
22 13 16
22 13 18
22 13 20
22 13 20
22 14 18
22 14 19
22 14 20
22 14 20
22 15 19
22 15 26
22 15 24
22 15 24
22 15 25
22 17 26
22 17 26
22 17 27
22 17 28
22 17 24
22 17 26
22 18 21
22 18 29
22 19 21
22 20 21
22 21 18
22 21 18
22 21 19
22 23 17
22 23 17
22 23 17
22 23 18
22 23 19
22 24 17
22 24 15
22 24 15
22 25 17
22 26 17
22 26 15
22 26 14
22 27 13
22 32 11
22 33 10
22 15 24
22 15 24
22 15 25
22 16 24
22 16 24
22 16 25
22 17 24
22 32 11
22 32 11
22 32 12
22 12 23
22 13 23
22 14 23
22 14 23
22 14 24
22 14 25
22 3 6
22 3 6
22 3 7
22 3 8
22 3 9
22 3 10
22 3 6
22 3 7
22 4 6
22 4 6
22 4 7
22 4 8
22 3 8
22 3 8
22 3 9
22 3 10
22 4 8
22 4 8
22 21 18
22 22 18
22 23 18
22 8 23
22 9 23
22 10 23
22 11 23
22 18 21
22 18 22
22 18 23
22 8 31
22 15 19
22 16 19
22 17 19
22 17 20
22 4 11
22 18 29
22 19 29
22 20 29
22 15 26
22 16 26
23 0 27
23 0 27
23 0 29
23 0 30
23 0 32
23 0 24
23 0 25
23 0 26
23 0 23
23 0 23
23 0 24
23 0 25
23 0 26
23 0 21
23 0 22
23 0 18
23 0 16
23 0 19
23 0 21
23 0 21
23 0 22
23 2 3
23 2 3
23 2 4
23 2 5
23 2 6
23 2 7
23 2 2
23 2 3
23 2 3
23 2 4
23 2 5
23 3 0
23 3 0
23 3 0
23 3 1
23 3 2
23 3 3
23 3 4
23 3 5
23 3 6
23 3 7
23 3 8
23 3 6
23 3 6
23 3 7
23 3 8
23 4 8
23 4 8
23 4 9
23 4 10
23 4 11
23 4 11
23 5 9
23 5 9
23 5 10
23 5 11
23 5 12
23 7 18
23 7 31
23 8 18
23 8 19
23 8 20
23 8 21
23 8 31
23 8 32
23 8 23
23 8 23
23 9 22
23 9 23
23 12 18
23 12 20
23 12 23
23 13 16
23 13 17
23 13 18
23 13 26
23 14 26
23 15 19
23 15 20
23 15 26
23 15 26
23 15 24
23 16 20
23 16 26
23 16 26
23 17 20
23 17 24
23 17 24
23 17 25
23 17 26
23 17 26
23 17 26
23 17 27
23 17 28
23 18 21
23 18 29
23 19 21
23 21 18
23 21 20
23 21 18
23 21 18
23 21 19
23 22 18
23 22 18
23 22 19
23 22 20
23 23 17
23 23 18
23 23 17
23 23 17
23 23 18
23 23 19
23 24 15
23 24 15
23 24 15
23 24 15
23 24 16
23 24 15
23 24 15
23 25 15
23 25 15
23 25 15
23 26 17
23 26 15
23 26 15
23 26 14
23 26 14
23 26 15
23 27 13
23 27 14
23 27 15
23 32 11
23 32 11
23 32 12
23 33 10
23 33 11
23 33 12
24 0 16
24 0 18
24 0 23
24 0 27
24 0 28
24 0 29
24 0 30
24 0 32
24 0 24
24 0 23
24 0 21
24 0 18
24 0 18
24 0 19
24 0 20
24 0 16
24 0 17
24 0 19
24 0 20
24 0 21
24 1 16
24 1 18
24 1 23
24 1 27
24 2 4
24 2 5
24 2 6
24 2 7
24 2 16
24 2 18
24 2 23
24 2 27
24 2 2
24 2 3
24 2 4
24 2 5
24 2 6
24 3 0
24 3 0
24 3 16
24 3 17
24 3 18
24 3 18
24 3 19
24 3 23
24 3 23
24 3 24
24 3 25
24 3 26
24 3 27
24 3 6
24 3 8
24 3 8
24 3 9
24 3 10
24 3 11
24 3 8
24 3 8
24 3 9
24 3 10
24 3 11
24 4 11
24 4 11
24 4 12
24 4 13
24 4 14
24 4 16
24 5 9
24 5 9
24 5 10
24 5 11
24 5 12
24 5 12
24 5 13
24 5 14
24 5 26
24 5 26
24 5 26
24 5 27
24 5 28
24 5 29
24 6 26
24 7 18
24 7 19
24 7 20
24 7 26
24 7 26
24 7 27
24 7 28
24 7 29
24 7 31
24 8 23
24 8 24
24 8 31
24 8 32
24 8 24
24 8 24
24 8 25
24 8 23
24 8 23
24 8 24
24 8 25
24 9 22
24 9 23
24 9 24
24 10 23
24 10 24
24 12 19
24 12 20
24 12 23
24 12 20
24 12 20
24 12 23
24 13 19
24 13 23
24 13 23
24 13 26
24 13 27
24 13 28
24 14 19
24 14 20
24 14 26
24 15 19
24 15 20
24 15 26
24 15 26
24 15 24
24 15 24
24 15 25
24 17 27
24 17 27
24 17 28
24 17 27
24 17 27
24 17 28
24 17 29
24 17 26
24 18 21
24 18 29
24 20 20
24 20 20
24 21 20
24 21 18
24 21 18
24 21 19
24 21 20
24 21 18
24 21 18
24 23 17
24 23 20
24 23 17
24 24 16
24 24 17
24 24 17
24 24 20
24 25 16
24 25 17
24 25 20
24 26 16
24 26 17
24 26 16
24 32 11
24 32 11
24 32 12
24 32 13
24 32 13
24 32 13
24 32 13
24 32 14
24 32 15
24 0 27
24 0 28
24 17 29
24 8 24
24 8 24
24 8 25
24 20 20
24 20 20
24 21 20
24 22 20
24 5 26
24 6 26
24 7 26
24 0 23
24 0 24
24 0 25
24 0 26
24 21 18
24 21 18
24 21 19
24 22 18
24 22 18
24 22 19
24 23 18
24 3 8
24 3 8
24 3 9
24 3 10
24 4 8
24 4 8
24 4 9
24 4 10
24 4 11
24 23 17
24 23 17
24 23 18
24 23 19
24 24 17
24 25 17
24 2 6
24 2 6
24 2 7
24 3 6
24 4 6
24 4 6
24 4 7
24 4 8
25 0 15
25 0 16
25 0 17
25 0 18
25 0 19
25 0 20
25 0 21
25 0 22
25 0 23
25 0 23
25 0 27
25 0 29
25 0 29
25 0 29
25 0 30
25 0 31
25 0 32
25 0 24
25 0 16
25 1 15
25 1 18
25 1 21
25 1 29
25 1 29
25 1 32
25 2 15
25 2 18
25 2 21
25 2 29
25 2 29
25 2 32
25 2 2
25 2 3
25 2 4
25 2 6
25 3 0
25 3 0
25 3 18
25 3 21
25 3 6
25 3 8
25 3 12
25 3 8
25 4 11
25 4 19
25 4 20
25 4 27
25 4 28
25 5 9
25 5 12
25 5 12
25 5 18
25 5 18
25 5 19
25 5 15
25 5 18
25 5 18
25 5 19
25 5 30
25 5 31
25 5 26
25 5 26
25 5 27
25 5 28
25 6 18
25 6 32
25 6 24
25 6 20
25 7 18
25 7 18
25 7 19
25 7 20
25 7 31
25 8 21
25 8 31
25 8 32
25 8 30
25 8 32
25 8 26
25 8 32
25 8 24
25 9 32
25 10 32
25 11 32
25 11 23
25 11 21
25 12 19
25 13 27
25 13 27
25 13 28
25 13 29
25 13 29
25 13 30
25 13 31
25 14 18
25 14 24
25 14 24
25 14 25
25 14 27
25 14 24
25 14 24
25 14 25
25 15 24
25 15 26
25 15 21
25 16 24
25 17 23
25 17 29
25 17 23
25 18 21
25 18 23
25 18 21
25 19 19
25 19 20
25 19 21
25 19 22
25 19 23
25 20 19
25 20 20
25 20 20
25 20 21
25 20 22
25 21 20
25 21 18
25 23 20
25 23 17
25 26 17
25 26 17
25 26 18
25 26 19
25 26 16
25 32 14
25 32 14
25 32 15
25 32 16
25 5 15
25 5 15
25 5 16
25 5 17
25 6 15
25 6 15
25 6 16
25 6 17
25 15 26
25 15 26
25 15 27
25 15 28
25 16 26
25 16 26
25 16 27
25 16 28
25 8 26
25 8 27
25 8 28
25 8 29
25 3 12
25 4 12
25 4 13
25 4 14
25 5 30
25 5 31
25 6 30
25 7 30
25 7 31
25 11 21
25 11 21
25 11 22
25 12 21
25 13 21
25 14 21
25 15 21
25 15 21
25 15 22
25 15 23
25 16 21
25 16 21
25 16 22
25 17 21
25 6 32
25 7 32
25 8 30
25 8 31
25 18 21
25 18 21
25 18 22
25 19 21
25 20 21
25 8 21
25 8 21
25 8 22
25 8 23
25 9 21
25 10 21
25 6 20
25 7 20
25 7 20
25 4 19
25 5 19
25 6 19
25 13 29
25 14 29
25 6 24
25 6 24
25 6 25
25 6 26
25 7 24
25 7 24
25 7 25
25 4 20
25 4 20
25 5 20
25 6 20
25 7 20
25 7 20
25 14 18
25 14 18
25 14 19
25 14 20
25 11 23
25 11 23
25 12 23
25 12 23
25 12 24
25 12 25
25 12 26
25 13 23
25 13 23
25 4 27
25 4 28
25 4 29
25 5 27
25 17 23
25 17 23
25 17 24
25 17 25
26 0 13
26 0 14
26 0 15
26 0 18
26 0 19
26 0 21
26 0 22
26 0 23
26 0 27
26 0 28
26 0 29
26 0 29
26 0 32
26 0 24
26 1 13
26 1 15
26 1 27
26 1 29
26 1 29
26 1 30
26 1 31
26 1 32
26 2 6
26 2 6
26 2 7
26 2 8
26 2 13
26 2 15
26 2 32
26 2 2
26 2 3
26 2 3
26 2 4
26 2 5
26 2 6
26 3 0
26 3 0
26 3 0
26 3 1
26 3 2
26 3 3
26 3 4
26 3 5
26 3 12
26 3 29
26 3 29
26 3 30
26 3 31
26 3 32
26 3 29
26 3 29
26 3 30
26 3 31
26 3 6
26 3 8
26 3 8
26 3 12
26 3 13
26 3 8
26 3 8
26 4 11
26 4 11
26 4 12
26 4 19
26 4 20
26 4 20
26 4 27
26 4 28
26 4 29
26 4 29
26 4 32
26 5 9
26 5 12
26 5 12
26 5 13
26 5 18
26 5 18
26 5 19
26 5 20
26 5 20
26 5 29
26 5 29
26 5 30
26 5 31
26 5 32
26 5 15
26 5 15
26 5 16
26 5 18
26 5 30
26 5 26
26 6 20
26 6 32
26 6 32
26 6 24
26 6 24
26 6 25
26 6 20
26 6 20
26 7 18
26 7 20
26 7 20
26 7 32
26 8 21
26 8 24
26 8 31
26 8 30
26 8 30
26 8 31
26 8 32
26 8 26
26 8 32
26 8 24
26 9 24
26 10 24
26 11 21
26 11 23
26 11 23
26 11 21
26 11 21
26 11 22
26 11 23
26 12 19
26 12 21
26 12 32
26 12 32
26 13 19
26 13 21
26 13 27
26 13 29
26 14 18
26 14 18
26 14 19
26 14 20
26 14 24
26 14 24
26 15 26
26 15 21
26 17 23
26 17 23
26 17 29
26 17 23
26 17 23
26 18 23
26 18 21
26 19 19
26 19 20
26 19 23
26 19 23
26 20 19
26 20 20
26 20 23
26 20 20
26 21 20
26 21 18
26 21 18
26 23 17
26 23 17
26 23 20
26 23 17
26 23 17
26 23 18
26 24 17
26 25 17
26 25 17
26 26 17
26 26 17
26 26 16
26 26 17
27 0 13
27 0 14
27 0 15
27 0 16
27 0 17
27 0 18
27 0 20
27 0 21
27 0 23
27 0 23
27 0 24
27 0 25
27 0 26
27 0 27
27 0 29
27 0 29
27 0 30
27 0 31
27 0 32
27 0 30
27 0 31
27 1 23
27 1 24
27 1 25
27 2 6
27 2 7
27 2 8
27 2 23
27 2 26
27 2 4
27 2 5
27 2 6
27 2 32
27 2 30
27 2 30
27 2 31
27 2 26
27 2 26
27 3 9
27 3 9
27 3 10
27 3 11
27 3 23
27 3 26
27 3 12
27 3 14
27 4 17
27 4 18
27 4 19
27 4 20
27 4 21
27 4 22
27 4 23
27 4 27
27 4 32
27 5 13
27 5 14
27 5 15
27 5 16
27 5 24
27 5 26
27 5 30
27 5 32
27 5 15
27 5 18
27 5 30
27 5 24
27 6 24
27 6 24
27 6 26
27 6 30
27 6 32
27 6 21
27 6 21
27 6 22
27 6 23
27 6 32
27 6 24
27 6 32
27 7 24
27 7 24
27 7 26
27 7 32
27 8 21
27 8 21
27 8 22
27 8 23
27 8 30
27 8 32
27 8 26
27 8 24
27 11 21
27 11 23
27 11 24
27 11 24
27 11 24
27 11 25
27 11 23
27 11 23
27 11 24
27 11 25
27 11 21
27 12 19
27 12 32
27 12 32
27 13 27
27 13 27
27 13 28
27 13 29
27 13 29
27 13 30
27 13 31
27 13 32
27 14 18
27 14 18
27 14 19
27 14 20
27 14 29
27 14 29
27 14 30
27 14 31
27 14 32
27 14 21
27 15 19
27 15 26
27 15 24
27 15 25
27 16 19
27 17 19
27 17 20
27 17 29
27 18 21
27 18 21
27 18 24
27 18 24
27 18 25
27 18 21
27 19 19
27 19 21
27 19 21
27 20 23
27 20 24
27 20 24
27 20 25
27 20 26
27 20 20
27 21 19
27 21 19
27 21 20
27 22 19
27 23 19
27 24 18
27 24 18
27 24 19
27 24 18
27 25 18
27 25 18
27 25 19
27 26 18
27 26 18
27 26 19
27 2 30
27 2 30
27 2 31
27 3 30
27 3 30
27 3 31
27 4 30
27 24 18
27 24 18
27 24 19
27 25 18
27 0 20
27 0 20
27 0 21
27 0 22
27 1 20
27 2 20
27 3 9
27 3 9
27 3 10
27 3 11
27 3 20
27 3 20
27 4 9
27 4 9
27 4 10
27 4 11
27 4 12
27 26 18
27 26 19
27 2 32
27 3 32
27 4 32
27 5 32
27 4 21
27 4 22
27 4 23
27 5 21
27 5 26
27 5 26
27 5 27
27 5 28
27 3 12
27 3 12
27 3 13
27 4 12
27 4 12
27 4 13
27 4 14
27 6 32
27 7 32
27 5 15
27 5 16
27 5 17
27 0 30
27 0 30
27 0 31
27 1 30
27 1 31
27 2 30
27 8 21
27 8 21
27 8 22
27 8 23
27 9 21
27 10 21
27 10 21
27 10 22
27 10 23
27 5 18
27 5 19
27 5 20
27 5 18
27 5 19
27 5 20
27 18 21
27 18 21
27 18 22
27 18 23
27 19 21
27 19 21
27 19 22
27 19 23
27 2 26
27 2 26
27 2 27
27 2 28
27 2 26
27 2 27
27 2 28
27 2 29
27 3 26
27 3 26
27 4 26
27 18 24
27 19 24
27 3 14
27 3 14
27 3 15
27 3 16
27 4 14
27 4 14
27 4 15
27 4 16
27 4 17
27 15 24
27 15 24
27 15 25
27 16 24
27 17 24
27 14 21
27 14 21
27 14 22
27 14 23
27 15 21
27 16 21
27 17 21
27 6 21
27 6 21
27 6 22
27 6 23
27 7 21
27 5 24
27 5 24
27 5 25
27 6 24
27 7 24
28 0 12
28 0 12
28 0 13
28 0 14
28 0 15
28 0 16
28 0 17
28 0 18
28 0 19
28 0 20
28 0 20
28 0 30
28 0 32
28 0 27
28 1 6
28 1 6
28 1 7
28 1 8
28 1 12
28 1 15
28 1 18
28 2 6
28 2 7
28 2 8
28 2 12
28 2 15
28 2 18
28 2 26
28 3 9
28 3 18
28 3 12
28 3 14
28 4 17
28 4 24
28 5 13
28 5 26
28 5 15
28 5 18
28 5 24
28 6 21
28 6 32
28 7 30
28 7 30
28 7 31
28 8 21
28 8 32
28 8 29
28 8 24
28 8 26
28 11 24
28 11 26
28 12 20
28 12 30
28 12 32
28 12 20
28 12 20
28 12 21
28 12 22
28 12 23
28 13 20
28 13 20
28 14 20
28 14 20
28 14 26
28 14 26
28 14 27
28 14 28
28 14 21
28 14 26
28 14 26
28 15 26
28 15 32
28 15 24
28 15 29
28 16 26
28 17 26
28 18 21
28 18 24
28 20 23
28 20 24
28 20 20
28 20 27
28 24 27
28 25 20
28 26 20
28 26 26
28 29 26
28 8 29
28 8 30
28 8 31
28 12 30
28 12 30
28 12 31
28 13 30
28 14 30
28 14 30
28 14 31
28 20 20
28 20 20
28 20 21
28 20 22
28 20 23
28 12 32
28 13 32
28 14 32
28 11 26
28 11 26
28 11 27
28 11 28
28 11 29
28 12 26
28 12 26
28 13 26
28 8 26
28 8 26
28 8 27
28 8 28
28 9 26
28 10 26
28 0 32
28 1 32
28 2 32
28 3 32
28 0 27
28 0 27
28 0 28
28 0 29
28 1 27
28 1 27
28 1 28
28 1 29
28 2 27
28 2 27
28 2 28
28 8 24
28 8 24
28 8 25
28 9 24
28 10 24
28 15 29
28 15 29
28 15 30
28 15 31
28 16 29
28 1 6
28 1 6
28 1 7
28 1 8
28 1 9
28 1 10
28 1 11
28 2 6
28 2 6
28 2 7
28 2 8
28 26 26
28 26 26
28 27 26
28 28 26
28 29 26
28 4 24
28 4 25
28 5 24
28 17 26
28 17 26
28 17 27
28 17 28
28 18 26
28 19 26
28 19 26
28 25 20
28 24 27
28 25 27
28 20 27
28 21 27
28 22 27
28 23 27
29 0 9
29 0 12
29 0 12
29 0 13
29 0 15
29 0 16
29 0 18
29 0 20
29 0 27
29 0 30
29 0 32
29 0 9
29 0 10
29 0 11
29 0 27
29 0 27
29 0 28
29 1 6
29 1 6
29 1 7
29 1 8
29 1 9
29 1 12
29 1 27
29 2 6
29 2 7
29 2 8
29 2 9
29 2 10
29 2 11
29 2 12
29 2 12
29 2 26
29 2 26
29 3 14
29 3 12
29 3 12
29 3 13
29 3 14
29 4 14
29 4 14
29 4 15
29 4 17
29 4 24
29 4 25
29 5 13
29 5 26
29 5 15
29 5 15
29 5 18
29 5 24
29 6 32
29 6 21
29 6 32
29 7 30
29 7 30
29 7 31
29 8 21
29 8 24
29 8 24
29 8 25
29 8 26
29 8 29
29 8 29
29 8 32
29 8 32
29 8 29
29 8 29
29 8 30
29 8 31
29 8 24
29 8 26
29 9 19
29 9 20
29 9 26
29 10 19
29 10 26
29 11 19
29 11 24
29 11 24
29 11 25
29 11 26
29 12 30
29 12 32
29 12 20
29 14 21
29 14 26
29 14 21
29 14 26
29 14 26
29 15 21
29 15 26
29 15 32
29 15 24
29 15 29
29 15 29
29 15 30
29 15 31
29 16 21
29 16 26
29 17 21
29 17 21
29 17 26
29 17 26
29 17 26
29 17 26
29 18 21
29 18 21
29 18 26
29 18 24
29 18 24
29 18 25
29 18 26
29 19 21
29 19 21
29 19 26
29 19 26
29 20 23
29 20 24
29 20 27
29 20 20
29 20 20
29 20 21
29 20 27
29 21 27
29 22 27
29 24 27
29 24 27
29 25 20
29 25 27
29 26 20
29 26 26
29 26 26
29 26 27
29 26 26
29 26 26
29 27 26
29 28 26
29 28 26
29 29 26
29 29 26
30 0 12
30 0 14
30 0 15
30 0 17
30 0 18
30 0 19
30 0 29
30 0 30
30 0 31
30 0 9
30 0 9
30 0 10
30 0 11
30 0 9
30 0 10
30 0 11
30 0 27
30 1 6
30 1 6
30 1 17
30 1 29
30 1 30
30 1 31
30 2 6
30 2 17
30 2 26
30 3 13
30 3 14
30 3 14
30 3 15
30 3 16
30 3 17
30 3 24
30 3 14
30 3 13
30 3 24
30 4 13
30 4 14
30 4 15
30 4 24
30 4 24
30 5 16
30 5 17
30 5 18
30 5 24
30 6 21
30 6 21
30 6 21
30 6 22
30 7 21
30 7 31
30 7 32
30 8 21
30 8 24
30 8 31
30 8 32
30 8 24
30 8 24
30 9 19
30 9 20
30 9 24
30 9 26
30 9 30
30 9 31
30 9 32
30 9 26
30 9 30
30 10 24
30 10 26
30 10 30
30 10 30
30 10 31
30 10 32
30 11 30
30 11 24
30 11 26
30 11 26
30 11 30
30 11 30
30 11 31
30 12 20
30 12 20
30 12 30
30 12 30
30 12 30
30 12 31
30 12 32
30 12 20
30 13 20
30 13 20
30 13 21
30 13 30
30 14 27
30 14 27
30 14 27
30 14 28
30 14 29
30 14 21
30 14 21
30 15 27
30 15 29
30 15 32
30 15 24
30 15 32
30 15 29
30 15 29
30 16 27
30 16 27
30 16 28
30 16 29
30 16 32
30 17 26
30 17 26
30 17 27
30 17 28
30 18 22
30 18 23
30 18 27
30 18 24
30 18 27
30 18 27
30 18 28
30 19 22
30 19 23
30 19 27
30 20 22
30 20 23
30 20 27
30 20 27
30 20 27
30 20 27
30 21 27
30 21 27
30 22 27
30 22 27
30 23 27
30 23 27
30 23 27
30 23 27
30 23 28
30 23 27
30 24 27
30 24 27
30 24 28
30 25 20
30 25 20
30 26 20
30 26 20
30 26 26
30 26 26
30 26 27
30 26 28
30 27 27
30 27 27
30 27 28
30 29 26
30 29 27
30 7 32
30 8 32
30 11 26
30 11 26
30 11 27
30 11 28
30 11 29
30 12 26
30 13 26
30 13 26
30 27 27
30 28 27
30 9 26
30 9 26
30 9 27
30 9 28
30 9 29
30 10 26
30 0 14
30 0 14
30 0 15
30 0 16
30 0 17
30 1 14
30 2 14
30 5 18
30 5 18
30 5 19
30 5 20
30 6 18
30 7 18
30 8 18
30 8 18
30 3 14
30 3 14
30 3 15
30 3 16
30 4 14
30 4 14
30 4 15
30 4 16
30 4 17
30 14 27
30 14 27
30 14 28
30 15 27
30 16 27
30 17 27
30 9 30
30 9 30
30 9 31
30 10 30
30 11 30
30 3 24
30 3 24
30 3 25
30 4 24
30 5 24
30 23 27
30 24 27
30 25 27
30 26 27
30 11 30
30 11 30
30 11 31
30 8 24
30 8 24
30 8 25
30 8 24
30 8 25
30 9 24
30 10 24
30 10 24
30 10 25
30 20 27
30 21 27
30 22 27
30 0 9
30 0 9
30 0 10
30 0 11
30 1 9
30 2 9
30 2 9
30 2 10
30 2 11
30 2 12
30 0 27
30 0 27
30 0 28
30 0 29
30 1 27
30 2 27
30 2 26
30 2 26
30 2 27
30 2 28
30 3 26
30 6 21
30 6 21
30 6 22
30 6 23
30 7 21
30 8 21
31 0 7
31 0 12
31 0 13
31 0 14
31 0 14
31 0 29
31 0 9
31 0 9
31 0 27
31 1 12
31 2 12
31 2 13
31 2 26
31 3 24
31 4 17
31 5 18
31 5 23
31 6 21
31 7 31
31 7 32
31 8 21
31 8 31
31 8 32
31 8 21
31 8 24
31 9 19
31 9 26
31 9 30
31 9 30
31 9 31
31 11 24
31 11 32
31 11 26
31 11 24
31 11 24
31 11 25
31 11 32
31 11 30
31 11 30
31 11 31
31 12 24
31 12 32
31 13 21
31 13 24
31 13 32
31 14 22
31 14 23
31 14 30
31 14 31
31 14 32
31 14 30
31 14 31
31 14 27
31 14 24
31 15 30
31 15 32
31 16 30
31 17 29
31 17 30
31 17 31
31 17 23
31 18 29
31 18 27
31 19 29
31 20 22
31 20 23
31 20 27
31 20 27
31 20 27
31 20 28
31 20 27
31 20 27
31 23 27
31 23 27
31 23 27
31 23 28
31 24 27
31 24 27
31 24 29
31 24 27
31 24 27
31 24 28
31 25 20
31 25 20
31 25 21
31 25 21
31 25 22
31 25 27
31 25 27
31 25 29
31 26 20
31 26 20
31 26 21
31 26 21
31 26 22
31 26 26
31 26 26
31 26 27
31 26 27
31 26 27
31 26 28
31 26 29
31 26 26
31 27 26
31 27 27
31 27 27
31 27 28
31 28 26
31 28 27
31 29 26
31 29 26
31 29 26
31 29 27
31 29 27
31 29 27
31 29 28
31 29 26
31 29 26
31 29 27
31 29 28
31 29 27
31 29 27
31 29 28
31 14 24
31 14 24
31 14 25
31 14 26
31 15 24
31 16 24
31 17 24
31 5 23
31 5 23
31 6 23
31 7 23
31 7 23
31 17 23
31 17 23
31 17 24
31 17 25
31 17 26
31 17 23
31 17 24
31 17 25
31 18 23
31 19 23
31 13 21
31 13 21
31 13 22
31 13 23
31 24 29
31 25 29
31 26 29
31 8 21
31 8 21
31 8 22
31 8 23
31 0 7
31 0 8
31 0 9
31 0 10
31 0 11
31 1 7
31 2 7
31 2 8
31 4 17
31 4 17
31 5 17
31 5 17
31 5 18
31 5 19
31 5 20
31 20 23
31 20 24
31 20 25
31 20 26
32 0 7
32 0 8
32 0 9
32 0 10
32 0 11
32 0 12
32 0 14
32 0 27
32 0 29
32 0 9
32 0 9
32 0 10
32 0 11
32 0 9
32 0 27
32 1 27
32 2 26
32 2 27
32 2 26
32 2 26
32 3 24
32 3 24
32 3 24
32 4 17
32 4 17
32 4 18
32 4 19
32 4 20
32 4 24
32 5 23
32 5 23
32 5 24
32 5 18
32 5 18
32 5 19
32 5 20
32 5 23
32 5 23
32 5 24
32 6 21
32 7 31
32 7 32
32 8 21
32 8 31
32 8 32
32 8 21
32 8 24
32 9 19
32 9 21
32 9 32
32 9 26
32 9 30
32 9 30
32 9 31
32 9 19
32 9 20
32 9 32
32 10 19
32 10 32
32 11 19
32 11 24
32 11 26
32 11 30
32 11 32
32 11 26
32 11 24
32 11 32
32 11 30
32 11 30
32 11 31
32 12 19
32 12 20
32 12 24
32 12 30
32 12 32
32 13 21
32 13 21
32 13 22
32 13 23
32 13 24
32 13 30
32 13 32
32 14 22
32 14 23
32 14 30
32 14 31
32 14 27
32 14 24
32 15 32
32 17 23
32 17 23
32 17 24
32 17 29
32 17 23
32 18 23
32 18 27
32 19 23
32 19 23
32 20 22
32 20 23
32 20 23
32 20 24
32 20 25
32 20 27
32 21 29
32 21 29
32 22 29
32 23 27
32 23 27
32 23 28
32 23 29
32 23 27
32 24 29
32 25 21
32 25 21
32 25 22
32 25 23
32 25 29
32 26 21
32 26 21
32 26 22
32 26 23
32 26 29
32 27 27
32 27 27
32 27 28
32 27 29
32 28 29
32 29 26
32 29 26
32 29 27
32 29 27
32 29 28
32 29 29
32 29 26
32 29 27
32 29 27
32 29 28
32 29 29
32 30 29
33 0 27
33 0 27
33 0 27
33 0 27
33 1 27
33 1 27
33 2 26
33 3 25
33 3 25
33 3 26
33 3 24
33 3 24
33 3 25
33 4 25
33 5 21
33 5 22
33 5 23
33 5 25
33 5 21
33 5 22
33 5 23
33 6 21
33 6 24
33 6 24
33 6 24
33 6 25
33 7 21
33 7 22
33 7 24
33 8 21
33 8 21
33 8 24
33 8 24
33 8 25
33 8 21
33 8 21
33 8 22
33 8 24
33 9 19
33 9 26
33 9 32
33 9 26
33 9 19
33 9 20
33 9 32
33 10 19
33 10 20
33 10 26
33 10 32
33 11 19
33 11 32
33 11 26
33 12 19
33 12 20
33 12 24
33 12 32
33 12 24
33 12 24
33 12 25
33 13 21
33 13 24
33 13 32
33 14 22
33 14 24
33 14 25
33 14 27
33 14 30
33 14 30
33 14 31
33 14 32
33 14 24
33 14 30
33 14 30
33 14 31
33 14 27
33 15 30
33 16 30
33 18 25
33 20 24
33 20 24
33 20 25
33 20 26
33 20 26
33 20 27
33 20 28
33 20 27
33 20 27
33 20 28
33 21 29
33 24 30
33 25 23
33 25 24
33 26 23
33 26 24
33 27 29
33 27 30
33 30 29
33 30 29
33 14 24
33 15 24
33 16 24
33 17 24
33 0 12
33 0 13
33 1 12
33 2 12
33 2 13
33 18 25
33 18 25
33 18 26
33 19 25
33 20 24
33 20 24
33 20 25
33 20 26
33 20 27
33 20 28
33 20 24
33 20 25
33 20 26
33 14 32
33 15 32
33 16 32
33 25 24
33 6 24
33 6 24
33 7 24
33 24 30
33 25 30
33 26 30
33 27 30
33 28 30
33 29 30
33 26 24
33 26 24
33 26 25
33 26 26
33 0 8
33 0 8
33 0 9
33 0 10
33 0 11
33 0 12
33 0 13
33 1 8
33 2 8
33 2 8
33 2 9
33 2 10
33 2 11
33 2 12
33 20 26
33 20 26
33 20 27
33 20 28
33 20 26
33 0 27
33 0 27
33 0 28
33 1 27
33 2 27
34 0 27
34 0 27
34 0 28
34 2 26
34 2 26
34 2 26
34 2 27
34 2 28
34 3 26
34 3 25
34 4 26
34 5 26
34 6 26
34 6 24
34 8 23
34 8 23
34 8 24
34 8 25
34 8 23
34 8 23
34 8 24
34 8 25
34 9 26
34 9 21
34 9 32
34 10 19
34 11 26
34 11 26
34 12 26
34 13 16
34 13 18
34 13 21
34 13 22
34 13 23
34 13 26
34 14 21
34 14 21
34 14 22
34 14 23
34 14 26
34 14 32
34 14 12
34 14 13
34 14 14
34 14 15
34 14 16
34 14 30
34 15 10
34 15 11
34 15 12
34 15 13
34 15 26
34 17 26
34 20 29
34 20 24
34 20 26
34 20 29
34 21 29
34 22 29
34 23 29
34 23 29
34 24 30
34 25 23
34 25 24
34 25 25
34 26 23
34 26 24
34 26 24
34 26 25
34 27 29
34 27 30
34 27 30
34 27 31
34 30 29
34 30 29
34 30 30
34 30 31
34 15 26
34 15 26
34 15 27
34 15 28
34 15 29
34 16 26
34 17 26
34 9 21
34 9 21
34 9 22
34 9 23
34 10 21
34 11 21
34 12 21
34 9 26
34 10 26
34 14 12
34 14 12
34 14 13
34 14 14
34 14 15
34 17 26
34 18 26
34 19 26
34 6 26
34 7 26
34 8 26
34 13 16
34 13 17
34 13 18
34 13 19
34 13 20
34 15 10
34 15 11
34 13 18
34 13 19
34 13 20
35 0 27
35 0 27
35 0 29
35 0 27
35 1 27
35 1 29
35 2 26
35 2 26
35 2 27
35 2 29
35 2 26
35 2 26
35 2 27
35 3 25
35 3 25
35 3 26
35 4 25
35 5 25
35 6 24
35 6 26
35 6 24
35 6 24
35 7 24
35 7 26
35 8 23
35 8 23
35 8 23
35 8 24
35 9 26
35 9 26
35 9 21
35 9 22
35 9 32
35 10 19
35 10 20
35 10 26
35 10 26
35 11 26
35 11 26
35 13 16
35 13 17
35 13 18
35 13 21
35 14 14
35 14 14
35 14 15
35 14 16
35 14 17
35 14 17
35 14 18
35 14 19
35 14 20
35 14 21
35 14 32
35 14 12
35 14 30
35 15 10
35 15 26
35 15 26
35 17 26
35 17 26
35 17 26
35 17 26
35 20 29
35 20 29
35 20 30
35 20 31
35 20 24
35 20 26
35 20 26
35 20 29
35 20 29
35 20 30
35 21 29
35 22 29
35 22 29
35 22 30
35 24 30
35 24 30
35 24 30
35 24 31
35 25 23
35 25 24
35 25 26
35 25 27
35 25 28
35 25 29
35 25 30
35 25 30
35 25 31
35 26 23
35 26 24
35 26 24
35 26 26
35 27 30
35 27 30
35 27 31
35 28 32
35 29 32
35 30 29
35 30 29
35 30 30
35 30 31
36 0 29
36 0 27
36 0 27
36 0 28
36 1 28
36 1 29
36 2 28
36 3 27
36 3 27
36 3 27
36 3 28
36 4 27
36 5 27
36 6 25
36 6 26
36 6 25
36 7 25
36 7 26
36 8 25
36 8 23
36 8 23
36 8 24
36 8 25
36 8 26
36 9 21
36 9 26
36 9 26
36 9 27
36 9 28
36 9 21
36 9 32
36 10 21
36 11 21
36 11 21
36 11 22
36 11 27
36 11 27
36 11 27
36 11 28
36 11 26
36 11 26
36 12 27
36 13 16
36 13 17
36 13 18
36 13 19
36 13 20
36 13 21
36 13 27
36 13 27
36 13 28
36 14 12
36 14 14
36 14 14
36 14 15
36 14 16
36 14 17
36 14 17
36 14 18
36 14 19
36 14 21
36 14 21
36 14 22
36 14 32
36 14 12
36 14 13
36 14 30
36 15 10
36 15 11
36 15 12
36 15 13
36 15 27
36 15 27
36 15 27
36 15 28
36 16 27
36 16 27
36 16 28
36 17 26
36 17 26
36 17 26
36 17 27
36 17 28
36 18 26
36 18 27
36 18 27
36 18 27
36 18 28
36 19 26
36 19 27
36 20 31
36 20 24
36 20 24
36 20 25
36 20 26
36 20 29
36 21 31
36 21 32
36 22 31
36 23 31
36 23 32
36 24 31
36 25 24
36 25 25
36 25 26
36 25 31
36 26 24
36 26 24
36 26 25
36 26 31
36 26 32
36 26 32
36 27 25
36 27 32
36 28 32
36 29 32
36 30 29
36 3 27
36 3 27
36 3 28
36 4 27
36 5 27
36 15 27
36 15 27
36 15 28
36 15 29
36 16 27
36 17 27
36 23 32
36 24 32
36 25 32
36 26 32
36 27 32
36 9 21
36 9 21
36 9 22
36 10 21
36 11 21
36 12 21
36 21 32
36 22 32
36 23 32
36 8 23
36 8 23
36 8 24
36 18 27
36 19 27
36 13 18
37 0 29
37 0 29
37 1 28
37 2 29
37 2 29
37 3 29
37 3 27
37 4 24
37 4 29
37 5 29
37 6 26
37 6 26
37 6 27
37 6 28
37 6 29
37 6 25
37 6 26
37 8 23
37 8 29
37 8 27
37 8 27
37 8 28
37 9 21
37 11 27
37 11 29
37 12 23
37 12 21
37 13 18
37 14 23
37 14 20
37 14 18
37 14 12
37 14 14
37 14 29
37 15 9
37 15 10
37 15 12
37 15 27
37 15 9
37 16 7
37 16 9
37 17 29
37 18 27
37 20 26
37 20 31
37 20 26
37 20 26
37 20 27
37 20 28
37 21 26
37 21 32
37 22 26
37 23 26
37 23 31
37 23 32
37 24 26
37 26 26
37 26 32
37 26 26
37 27 25
37 27 26
37 28 25
37 28 26
37 29 25
37 29 26
37 33 23
37 33 23
37 33 24
37 33 25
37 26 26
37 8 27
37 8 27
37 8 28
37 9 27
37 10 27
37 10 27
37 10 28
37 14 14
37 14 14
37 14 15
37 14 16
37 14 17
37 12 21
37 12 21
37 12 22
37 13 21
37 13 21
37 13 22
37 14 20
37 14 21
37 14 22
37 0 29
37 1 29
37 2 29
37 6 26
37 6 26
37 7 26
37 7 26
37 7 27
37 7 28
37 14 18
37 14 19
37 14 20
37 15 12
37 15 13
37 14 29
37 15 29
37 16 29
37 17 29
37 4 24
37 4 25
37 4 26
37 5 24
37 5 25
37 8 29
37 9 29
37 10 29
37 12 23
37 13 23
37 2 29
37 16 7
37 16 8
37 16 9
37 16 10
37 16 11
37 24 26
37 24 26
37 24 27
37 24 28
37 24 29
37 24 30
37 25 26
37 26 26
37 15 9
37 15 9
37 15 10
37 15 11
37 11 29
37 12 29
37 13 29
37 17 29
37 18 29
37 19 29
37 19 30
38 0 29
38 0 29
38 0 29
38 0 29
38 1 28
38 1 29
38 1 29
38 2 29
38 2 29
38 2 29
38 3 27
38 3 29
38 3 27
38 4 24
38 4 25
38 4 26
38 4 29
38 6 25
38 6 26
38 6 26
38 7 29
38 8 23
38 8 23
38 8 27
38 8 29
38 8 29
38 8 23
38 8 29
38 8 29
38 8 27
38 9 21
38 9 21
38 9 23
38 9 29
38 9 21
38 10 21
38 10 29
38 10 29
38 11 21
38 11 29
38 11 27
38 11 27
38 11 28
38 11 29
38 11 29
38 11 29
38 12 21
38 12 21
38 12 23
38 12 29
38 12 23
38 12 21
38 13 18
38 13 21
38 13 21
38 13 22
38 13 23
38 13 29
38 14 12
38 14 14
38 14 14
38 14 23
38 14 29
38 14 29
38 14 29
38 14 20
38 14 20
38 14 21
38 14 22
38 14 18
38 14 12
38 14 14
38 14 14
38 14 15
38 14 16
38 14 29
38 15 10
38 15 11
38 15 27
38 15 12
38 15 13
38 15 14
38 15 27
38 15 27
38 15 28
38 15 29
38 15 9
38 15 9
38 15 10
38 15 11
38 16 7
38 16 27
38 17 5
38 17 6
38 17 7
38 17 8
38 17 27
38 17 29
38 17 29
38 18 27
38 18 27
38 18 27
38 18 29
38 18 27
38 19 27
38 20 26
38 20 26
38 20 27
38 20 31
38 20 26
38 20 26
38 20 27
38 21 26
38 21 32
38 22 26
38 23 26
38 23 26
38 23 31
38 23 32
38 23 32
38 24 26
38 24 26
38 24 27
38 24 28
38 25 26
38 25 26
38 26 32
38 26 26
38 26 26
38 27 25
38 27 26
38 30 26
38 31 26
38 32 26
38 33 23
38 33 23
38 33 24
39 0 29
39 0 29
39 0 30
39 0 31
39 0 30
39 0 30
39 0 31
39 2 30
39 2 30
39 2 30
39 2 31
39 3 30
39 4 25
39 4 26
39 4 27
39 4 28
39 4 30
39 5 25
39 5 26
39 5 27
39 5 27
39 5 28
39 5 30
39 5 27
39 6 25
39 6 26
39 6 27
39 6 28
39 7 29
39 7 30
39 7 31
39 8 29
39 8 30
39 8 31
39 9 24
39 9 27
39 9 27
39 9 24
39 10 22
39 10 23
39 10 24
39 10 25
39 10 26
39 10 27
39 11 22
39 11 23
39 11 27
39 11 30
39 11 31
39 11 29
39 12 21
39 12 22
39 12 23
39 12 24
39 12 25
39 12 26
39 12 23
39 12 21
39 13 18
39 13 21
39 13 21
39 13 21
39 13 22
39 13 23
39 14 23
39 14 29
39 14 20
39 14 18
39 14 29
39 14 29
39 14 30
39 14 31
39 14 17
39 14 17
39 14 18
39 14 19
39 15 9
39 15 10
39 15 12
39 15 12
39 15 15
39 15 29
39 15 30
39 15 30
39 15 30
39 15 31
39 15 15
39 15 15
39 15 16
39 15 17
39 15 12
39 15 12
39 15 9
39 16 7
39 16 8
39 16 9
39 16 9
39 16 10
39 16 12
39 16 12
39 16 15
39 16 29
39 16 30
39 17 4
39 17 5
39 17 6
39 17 7
39 17 8
39 17 29
39 17 29
39 18 29
39 18 27
39 18 27
39 18 28
39 19 28
39 19 29
39 19 30
39 20 28
39 20 31
39 20 26
39 20 26
39 20 27
39 20 28
39 21 32
39 21 27
39 21 27
39 21 28
39 24 27
39 24 29
39 24 29
39 24 27
39 24 27
39 24 28
39 25 27
39 25 27
39 25 28
39 25 29
39 26 26
39 26 27
39 26 32
39 26 26
39 26 26
39 26 27
39 26 27
39 26 28
39 27 26
39 27 27
39 28 26
39 28 26
39 28 27
39 30 26
39 31 26
39 32 26
39 33 23
39 33 23
39 33 24
39 33 25
39 33 26
39 21 27
39 21 27
39 22 27
39 23 27
39 23 27
39 23 28
39 5 27
39 5 27
39 5 28
39 6 27
39 6 27
39 6 28
39 7 27
39 7 27
39 7 28
39 8 27
39 0 30
39 1 30
39 2 30
39 4 26
39 4 27
39 4 28
39 5 26
39 6 26
39 6 27
39 6 28
39 14 23
39 17 4
39 17 5
39 17 6
39 17 7
39 17 8
39 12 24
39 13 24
39 24 27
39 24 27
39 24 28
39 25 27
39 15 30
39 16 30
39 15 15
39 15 16
39 15 17
39 2 30
39 3 30
39 4 30
39 9 24
39 9 24
39 9 25
39 9 26
39 10 24
39 11 24
39 12 24
39 8 30
39 9 30
39 10 30
39 24 29
39 25 29
39 9 27
39 9 27
39 9 28
39 9 29
39 10 27
39 10 27
39 10 28
39 10 29
39 14 17
39 14 17
39 14 18
39 14 19
39 14 20
39 11 30
39 12 30
39 13 30
39 14 30
39 26 27
39 26 28
39 15 12
39 15 13
39 15 14
40 0 30
40 0 32
40 0 32
40 0 30
40 1 30
40 1 32
40 2 30
40 2 30
40 2 30
40 2 31
40 2 32
40 2 30
40 6 29
40 6 29
40 6 30
40 6 31
40 6 29
40 7 29
40 7 30
40 7 31
40 8 32
40 8 30
40 8 31
40 9 27
40 9 24
40 11 27
40 11 30
40 12 24
40 13 18
40 14 23
40 14 20
40 14 20
40 14 21
40 14 22
40 14 32
40 14 17
40 15 30
40 15 15
40 15 12
40 16 7
40 16 8
40 16 9
40 16 10
40 16 11
40 17 4
40 17 5
40 17 9
40 17 10
40 17 11
40 17 11
40 17 29
40 17 5
40 17 29
40 17 29
40 17 30
40 17 31
40 18 29
40 19 28
40 19 29
40 20 29
40 20 29
40 21 29
40 21 27
40 22 29
40 23 29
40 24 29
40 24 27
40 26 27
40 26 29
40 26 27
40 26 29
40 27 27
40 27 29
40 28 27
40 28 27
40 28 28
40 28 29
40 29 27
40 29 27
40 29 28
40 30 26
40 30 27
40 30 28
40 33 23
40 33 23
40 33 24
40 33 25
40 33 26
40 33 26
40 33 27
40 33 28
40 11 27
40 11 27
40 11 28
40 11 29
40 6 29
40 6 29
40 7 29
40 7 29
40 7 30
40 7 31
40 29 27
40 29 27
40 29 28
40 30 27
40 31 27
40 32 27
40 14 32
40 15 32
40 16 32
40 0 32
40 1 32
40 8 32
40 9 32
40 10 32
40 13 18
40 13 18
40 13 19
40 13 20
40 14 18
40 17 5
40 17 6
40 17 7
40 17 8
40 26 29
40 27 29
40 28 29
40 33 26
40 17 11
40 17 12
40 17 13
40 17 14
41 0 30
41 0 32
41 0 32
41 0 30
41 1 30
41 1 32
41 2 30
41 2 30
41 2 30
41 2 31
41 2 32
41 2 30
41 3 30
41 3 32
41 4 30
41 4 32
41 5 30
41 5 32
41 6 32
41 6 29
41 6 29
41 7 32
41 8 32
41 8 30
41 9 24
41 9 27
41 9 24
41 10 24
41 11 27
41 11 30
41 12 24
41 13 18
41 14 17
41 14 18
41 14 20
41 14 20
41 14 21
41 14 23
41 14 32
41 14 20
41 14 32
41 14 17
41 15 12
41 15 30
41 15 32
41 15 30
41 15 30
41 15 31
41 15 15
41 15 15
41 15 16
41 15 12
41 16 7
41 16 8
41 16 9
41 16 12
41 16 30
41 16 32
41 17 4
41 17 5
41 17 6
41 17 7
41 17 8
41 17 9
41 17 11
41 17 11
41 17 29
41 17 29
41 17 30
41 17 30
41 17 31
41 17 32
41 17 5
41 17 5
41 17 6
41 17 7
41 17 8
41 17 29
41 17 29
41 17 30
41 17 31
41 18 29
41 19 28
41 19 29
41 19 29
41 19 30
41 20 29
41 20 29
41 20 30
41 21 27
41 21 27
41 21 28
41 21 29
41 24 27
41 24 29
41 24 29
41 24 27
41 24 27
41 24 28
41 24 29
41 25 27
41 25 29
41 26 27
41 26 27
41 26 27
41 26 29
41 26 29
41 26 27
41 26 29
41 26 29
41 27 27
41 27 29
41 28 27
41 28 27
41 28 29
41 29 29
41 29 29
41 29 27
41 29 27
41 30 26
41 30 27
41 30 29
41 31 29
41 32 29
41 33 23
41 33 23
41 33 24
41 33 25
41 33 26
41 33 26
41 33 27
42 0 32
42 3 32
42 4 32
42 5 32
42 6 30
42 6 32
42 6 30
42 6 30
42 6 31
42 6 29
42 6 29
42 6 30
42 6 31
42 7 30
42 7 30
42 7 31
42 7 32
42 8 30
42 8 30
42 8 32
42 8 30
42 9 24
42 9 27
42 9 24
42 11 27
42 11 30
42 11 25
42 11 26
42 13 18
42 13 18
42 13 19
42 13 20
42 14 20
42 14 20
42 15 12
42 15 17
42 15 22
42 15 23
42 15 32
42 15 17
42 15 17
42 15 18
42 15 19
42 15 20
42 15 15
42 15 12
42 15 12
42 15 13
42 15 32
42 16 9
42 16 12
42 16 12
42 16 13
42 16 17
42 16 32
42 17 9
42 17 11
42 17 11
42 17 12
42 17 13
42 17 32
42 17 5
42 17 5
42 17 6
42 17 7
42 17 8
42 17 6
42 17 6
42 17 7
42 17 8
42 18 31
42 18 32
42 18 32
42 18 31
42 19 31
42 19 32
42 20 30
42 20 30
42 20 31
42 24 29
42 24 30
42 24 29
42 24 30
42 25 29
42 25 30
42 26 27
42 26 27
42 26 28
42 26 29
42 27 28
42 27 28
42 27 29
42 28 28
42 29 28
42 29 29
42 29 27
42 29 27
42 29 28
42 33 26
42 33 26
42 33 27
42 33 28
42 33 27
42 33 27
42 33 28
42 18 31
42 18 31
42 19 31
42 6 30
42 6 30
42 6 31
42 6 30
42 6 31
42 7 30
42 7 30
42 7 31
42 20 30
42 20 30
42 20 31
42 21 30
42 22 30
42 23 30
42 15 17
42 15 18
42 15 19
42 15 20
42 15 21
42 17 9
42 17 10
42 17 11
42 29 28
42 29 28
42 30 28
42 31 28
42 32 28
42 11 25
42 11 25
42 11 26
42 17 6
42 17 7
42 17 8
42 18 32
42 19 32
42 24 30
42 25 30
42 26 30
42 33 27
42 33 28
42 15 12
42 16 12
43 0 32
43 0 32
43 1 32
43 2 32
43 3 32
43 6 32
43 6 30
43 6 30
43 6 32
43 7 32
43 8 32
43 8 32
43 9 27
43 9 32
43 9 29
43 9 27
43 9 27
43 9 28
43 10 24
43 10 27
43 10 27
43 10 28
43 10 32
43 11 29
43 11 29
43 11 30
43 11 31
43 11 25
43 11 26
43 11 26
43 11 27
43 11 28
43 13 21
43 13 22
43 13 23
43 13 24
43 14 21
43 15 22
43 15 14
43 15 17
43 15 12
43 16 9
43 16 10
43 16 11
43 17 9
43 17 12
43 17 14
43 17 6
43 20 32
43 21 32
43 22 32
43 23 32
43 24 30
43 26 29
43 26 29
43 26 29
43 27 29
43 28 29
43 29 29
43 29 28
43 29 29
43 30 29
43 31 29
43 32 29
43 33 26
43 33 26
43 33 27
43 33 28
43 33 27
43 33 27
43 33 28
43 9 29
43 9 29
43 9 30
43 9 31
43 10 29
43 10 24
43 10 24
43 10 25
43 10 26
43 29 29
43 30 29
43 31 29
43 32 29
43 15 14
43 15 14
43 15 15
43 15 16
43 16 14
43 17 14
43 17 15
43 17 16
44 4 31
44 5 31
44 6 30
44 6 30
44 6 31
44 6 32
44 6 30
44 6 32
44 7 31
44 7 32
44 8 32
44 8 32
44 9 27
44 9 29
44 9 29
44 9 30
44 9 31
44 9 27
44 10 22
44 10 23
44 10 24
44 10 24
44 10 25
44 10 26
44 10 27
44 11 22
44 11 29
44 11 29
44 11 25
44 11 26
44 11 26
44 12 22
44 13 21
44 15 12
44 15 22
44 15 14
44 15 14
44 15 17
44 15 12
44 16 9
44 17 9
44 17 12
44 17 14
44 17 6
44 17 6
44 17 7
44 17 8
44 17 9
44 24 30
44 24 30
44 25 30
44 26 29
44 26 29
44 26 30
44 26 29
44 29 28
44 29 29
44 29 29
44 29 28
44 29 29
44 29 29
44 33 29
44 33 29
44 33 27
44 33 27
44 33 28
44 33 29
45 7 32
45 8 32
45 8 32
45 9 26
45 9 30
45 9 32
45 9 30
45 9 30
45 9 31
45 9 26
45 10 22
45 10 23
45 10 24
45 10 26
45 10 26
45 10 27
45 10 28
45 10 30
45 10 30
45 10 31
45 10 32
45 11 29
45 11 25
45 11 27
45 11 27
45 11 28
45 13 22
45 13 23
45 14 15
45 14 15
45 15 12
45 15 15
45 15 14
45 15 12
45 16 10
45 17 14
45 17 6
45 24 30
45 24 30
45 25 30
45 25 31
45 26 29
45 26 29
45 26 30
45 26 31
45 27 30
45 27 30
45 27 31
45 30 30
45 33 29
45 33 30
45 27 30
45 28 30
45 29 30
45 13 22
45 13 23
45 13 24
45 14 22
45 16 10
45 16 11
45 30 30
45 31 30
45 32 30
45 9 26
45 9 26
45 9 27
45 9 28
45 9 29
45 10 26
45 10 26
45 9 30
45 9 30
45 9 31
45 10 30
45 14 15
45 14 15
45 14 16
45 15 15
45 16 15
46 8 32
46 8 32
46 9 32
46 9 30
46 9 26
46 10 24
46 10 32
46 11 32
46 11 29
46 11 24
46 11 27
46 13 22
46 14 15
46 14 15
46 14 15
46 14 16
46 14 17
46 14 18
46 15 14
46 15 15
46 15 14
46 16 10
46 16 11
46 16 12
46 16 13
46 16 14
46 16 15
46 17 14
46 17 6
46 17 6
46 17 7
46 26 32
46 27 30
46 27 32
46 28 30
46 28 30
46 28 31
46 28 32
46 29 32
46 30 30
46 30 30
46 30 31
46 33 29
46 33 30
46 33 31
46 11 29
46 11 30
46 11 31
46 10 24
46 10 24
46 10 25
46 10 26
46 11 24
46 12 24
46 11 24
46 11 24
46 11 25
46 11 26
46 12 24
46 16 11
47 8 32
47 8 32
47 9 30
47 9 32
47 9 30
47 9 26
47 10 24
47 10 30
47 10 30
47 10 31
47 10 32
47 11 32
47 11 29
47 11 29
47 11 30
47 11 31
47 11 24
47 11 27
47 11 27
47 11 28
47 13 22
47 14 15
47 14 15
47 14 19
47 14 20
47 14 21
47 14 22
47 14 23
47 14 15
47 15 19
47 16 10
47 16 11
47 16 19
47 17 8
47 17 9
47 17 10
47 17 11
47 17 12
47 17 13
47 17 14
47 17 15
47 26 32
47 27 32
47 28 32
47 29 32
47 30 30
47 30 30
47 30 31
47 30 32
47 30 30
47 31 30
47 31 30
47 31 31
47 31 32
47 32 32
47 33 29
47 33 29
47 33 30
47 33 31
47 33 32
48 8 32
48 8 32
48 9 26
48 9 29
48 9 29
48 9 30
48 9 31
48 9 26
48 10 24
48 10 26
48 10 26
48 10 29
48 11 32
48 11 29
48 11 29
48 11 30
48 11 31
48 11 24
48 11 27
48 13 22
48 13 23
48 15 16
48 15 17
48 15 18
48 16 10
48 16 11
48 16 16
48 17 8
48 17 9
48 17 10
48 17 13
48 17 14
48 31 32
48 32 32
48 33 32
48 34 31
48 9 29
48 9 29
48 9 30
48 9 31
48 10 29
48 10 29
48 10 30
48 10 31
48 32 32
48 33 32
48 11 29
48 11 30
48 11 31
49 9 29
49 9 32
49 10 24
49 10 25
49 10 26
49 10 27
49 10 32
49 11 24
49 11 25
49 11 26
49 11 32
49 11 29
49 11 27
49 11 27
49 11 28
49 16 11
49 16 11
49 16 12
49 16 13
49 16 14
49 16 15
49 17 8
49 17 9
49 17 13
49 10 27
49 10 28
50 9 29
50 9 29
50 9 30
50 9 31
50 9 32
50 10 24
50 10 27
50 11 24
50 11 32
50 11 29
50 11 27
50 17 10
50 17 11
50 17 12
50 17 13
50 17 14
50 17 15
51 9 32
51 10 23
51 10 23
51 10 24
51 10 25
51 10 27
51 10 28
51 10 32
51 11 24
51 11 25
51 11 32
51 11 29
51 11 27
51 10 23
51 10 23
52 9 32
52 10 21
52 10 23
52 10 26
52 10 26
52 10 27
52 10 28
52 11 21
52 11 24
52 11 25
52 11 26
52 11 29
52 11 29
52 11 30
52 11 31
52 11 27
52 11 27
52 11 28
52 10 21
52 10 21
52 10 22
52 10 23
52 11 21
52 11 22
52 11 23
53 9 32
53 10 21
53 10 23
53 10 26
53 10 26
53 10 27
53 11 21
53 11 24
53 11 29
53 11 27
53 11 27
54 9 32
54 10 21
54 10 21
54 10 22
54 10 23
54 10 23
54 10 28
54 10 29
54 10 30
54 10 31
54 10 32
54 11 21
54 11 21
54 11 22
54 11 23
54 11 24
54 11 27
54 11 28
54 11 29
54 11 29
54 11 29
54 11 21
54 11 22
54 11 23
54 11 27
54 11 28
55 10 21
55 10 21
55 10 22
55 10 23
55 10 23
55 10 28
55 11 21
55 11 24
55 11 25
55 11 26
55 11 30
55 11 31
55 11 32
55 11 27
56 10 21
56 10 21
56 10 22
56 10 23
56 10 23
56 10 28
56 11 21
56 11 21
56 11 22
56 11 23
56 11 24
56 11 30
56 11 32
56 11 27
57 10 21
57 10 21
57 10 22
57 10 23
57 10 23
57 10 28
57 11 21
57 11 24
57 11 24
57 11 25
57 11 30
57 11 31
57 11 32
57 11 27
57 11 30
57 11 30
57 11 31
57 11 24
57 11 25
57 11 26
57 11 30
57 11 31
58 9 18
58 9 18
58 9 19
58 9 20
58 9 21
58 9 22
58 9 23
58 9 18
58 9 18
58 9 19
58 9 20
58 10 18
58 10 18
58 10 19
58 10 20
58 10 21
58 10 22
58 10 23
58 10 24
58 10 25
58 11 24
58 11 26
58 11 30
58 11 31
58 11 32
58 11 30
58 11 30
58 11 31
58 9 20
58 9 20
58 9 21
58 9 22
58 9 23
58 10 20
58 10 20
58 10 21
58 10 22
58 10 23
58 11 26
58 11 27
58 11 28
58 11 29
59 9 20
59 9 20
59 9 21
59 9 22
59 9 23
59 9 18
59 9 18
59 9 19
59 9 20
59 9 20
59 9 20
59 10 24
59 10 25
59 10 32
59 11 24
59 11 24
59 11 25
59 11 26
59 11 32
59 11 30
59 11 30
59 11 31
60 9 21
60 9 18
60 9 18
60 9 20
60 10 24
60 10 24
60 10 25
60 10 26
60 10 27
60 10 28
60 10 29
60 10 32
60 11 26
60 11 27
60 11 28
60 11 29
60 11 32
60 11 30
60 11 30
60 11 31
60 10 32
60 9 21
60 9 22
60 9 23
60 10 21
60 10 22
60 10 23
61 9 19
61 9 20
61 9 21
61 9 22
61 9 23
61 9 21
61 9 18
61 10 24
61 10 26
61 10 27
61 10 28
61 10 29
61 10 32
61 11 26
61 11 27
61 11 28
61 11 29
61 11 30
61 11 30
61 11 31
61 11 32
61 11 30
62 9 19
62 9 20
62 9 21
62 9 22
62 9 21
62 9 22
62 9 18
62 10 24
62 10 26
62 10 30
62 10 31
62 10 32
62 11 26
62 11 30
62 11 32
63 9 19
63 9 23
63 9 24
63 9 25
63 9 21
63 9 18
63 10 23
63 10 24
63 10 25
63 10 30
63 10 32
63 11 30
63 11 30
63 11 32
64 8 18
64 8 18
64 8 19
64 8 20
64 8 21
64 8 22
64 8 20
64 9 18
64 9 18
64 9 19
64 9 20
64 9 21
64 9 22
64 9 23
64 10 31
64 8 20
64 8 20
64 8 21
64 8 22
64 9 20
64 9 20
64 9 21
64 9 22
64 9 23
64 9 24
64 9 25
65 8 18
65 8 20
65 9 19
65 9 23
66 8 18
66 8 18
66 8 19
66 8 20
66 8 20
66 8 20
66 9 19
66 9 20
66 9 23
67 8 21
67 8 22
67 9 21
67 9 22
67 9 23
67 9 24
67 9 25
67 10 21
67 10 22
67 10 23
67 10 24
67 10 25
